2 0.2546875 0.9953125 0.190625 0.009375
2 0.49921875 0.95546875 0.2109375 0.0890625
2 0.03359375 0.98828125 0.0671875 0.0234375
2 0.21953125 0.83828125 0.125 0.18125
2 0.046875 0.884375 0.09375 0.171875
2 0.04140625 0.73203125 0.0828125 0.13359375
2 0.0421875 0.62265625 0.084375 0.1015625
2 0.4234375 0.8234375 0.15546875 0.16953125
2 0.40390625 0.69921875 0.11171875 0.11484375
2 0.36328125 0.6328125 0.0875 0.12734375
2 0.20390625 0.66015625 0.11640625 0.1390625
2 0.0625 0.55234375 0.0828125 0.0875
2 0.19609375 0.5765625 0.0875 0.08203125
2 0.33203125 0.54765625 0.09609375 0.10859375
2 0.17890625 0.525 0.07421875 0.0875
2 0.30859375 0.4921875 0.06953125 0.1
2 0.18828125 0.4703125 0.06328125 0.08203125
2 0.0625 0.4890625 0.065625 0.08203125
2 0.28515625 0.44375 0.06328125 0.07578125
2 0.67421875 0.3296875 0.1203125 0.096875
2 0.78515625 0.33125 0.1234375 0.1
2 0.91640625 0.375 0.1671875 0.11875
2 0.0140625 0.31171875 0.02734375 0.046875
2 0.18125 0.41015625 0.05859375 0.06796875
2 0.2703125 0.4046875 0.05625 0.06640625
2 0.08046875 0.45546875 0.05390625 0.07421875
2 0.08203125 0.41328125 0.04921875 0.05390625