3 0.8203125 0.9671875 0.115625 0.065625
3 0.71875 0.5859375 0.05625 0.140625
3 0.65 0.5953125 0.059375 0.1375
3 0.846875 0.459375 0.053125 0.10625
3 0.9140625 0.459375 0.05 0.08125
2 0.2015625 0.84375 0.209375 0.3125
2 0.3671875 0.775 0.15625 0.303125
2 0.5265625 0.6296875 0.184375 0.1875
2 0.8609375 0.5015625 0.09375 0.1375
2 0.759375 0.4265625 0.0625 0.09375
2 0.9875 0.3359375 0.025 0.059375
2 0.9921875 0.2921875 0.015625 0.040625
2 0.946875 0.3140625 0.053125 0.034375
2 0.89375 0.309375 0.0375 0.059375
1 0.909375 0.3921875 0.084375 0.14375
6 0.975 0.39375 0.05 0.13125