2 0.6953125 0.715625 0.26875 0.325
2 0.2203125 0.559375 0.1375 0.175
2 0.2625 0.440625 0.109375 0.175
2 0.015625 0.303125 0.03125 0.05625
2 0.3375 0.3578125 0.084375 0.05
2 0.2453125 0.2921875 0.040625 0.05625
2 0.171875 0.2515625 0.01875 0.021875
1 0.1421875 0.2390625 0.0375 0.071875
1 0.23125 0.2515625 0.040625 0.075
5 0.284375 0.31875 0.0625 0.121875
3 0.003125 0.3421875 0.00625 0.053125
3 0.153125 0.375 0.034375 0.075
3 0.2109375 0.36875 0.040625 0.084375
3 0.184375 0.43125 0.046875 0.103125
3 0.2859375 0.5140625 0.053125 0.103125
3 0.778125 0.809375 0.11875 0.19375