6 0.83125 0.85 0.26875 0.3
2 0.1359375 0.884375 0.178125 0.23125
2 0.8515625 0.6265625 0.184375 0.234375
2 0.7703125 0.471875 0.13125 0.15625
2 0.94375 0.43125 0.0625 0.09375
2 0.95625 0.371875 0.034375 0.053125
2 0.9890625 0.3609375 0.021875 0.059375
2 0.9765625 0.3265625 0.0375 0.05625
2 0.9546875 0.3015625 0.04375 0.059375
1 0.971875 0.2703125 0.053125 0.078125
1 0.4203125 0.703125 0.615625 0.59375
3 0.8734375 0.4046875 0.0375 0.0875
3 0.9171875 0.340625 0.034375 0.05
3 0.9421875 0.340625 0.034375 0.034375
3 0.6453125 0.51875 0.040625 0.06875
2 0.675 0.4875 0.084375 0.1
2 0.7453125 0.43125 0.090625 0.08125
2 0.890625 0.3140625 0.05625 0.06875