2 0.196875 0.884375 0.24375 0.23125
2 0.6765625 0.50625 0.1625 0.1875
2 0.7578125 0.41875 0.1 0.134375
2 0.9046875 0.4203125 0.059375 0.08125
2 0.8859375 0.35625 0.04375 0.075
2 0.8734375 0.328125 0.04375 0.05625
2 0.9953125 0.303125 0.009375 0.05625
2 0.978125 0.30625 0.0375 0.053125
6 0.9484375 0.31875 0.065625 0.06875
1 0.5265625 0.6734375 0.503125 0.653125
3 0.9875 0.3421875 0.025 0.053125
3 0.9015625 0.3265625 0.034375 0.046875
3 0.915625 0.315625 0.021875 0.05
3 0.75625 0.5671875 0.078125 0.121875