2 0.9015625 0.66875 0.175 0.234375
2 0.496875 0.6484375 0.196875 0.190625
2 0.6 0.5734375 0.121875 0.18125
2 0.709375 0.50625 0.09375 0.1875
2 0.7546875 0.45 0.10625 0.146875
2 0.8734375 0.475 0.084375 0.11875
2 0.8765625 0.3609375 0.090625 0.103125
2 0.959375 0.353125 0.075 0.09375
2 0.9359375 0.303125 0.05625 0.075
6 0.7578125 0.9984375 0.290625 0.003125
1 0.9734375 0.275 0.053125 0.0875
1 0.2171875 0.7453125 0.421875 0.509375
3 0.775 0.7546875 0.13125 0.196875
3 0.646875 0.528125 0.059375 0.08125
2 0.6734375 0.4859375 0.0625 0.09375
3 0.984375 0.328125 0.03125 0.075