3 0.4078125 0.8421875 0.09375 0.21875
3 0.775 0.815625 0.10625 0.171875
3 0.209375 0.43125 0.059375 0.075
3 0.125 0.2703125 0.01875 0.03125
3 0.165625 0.26875 0.025 0.03125
3 0.1578125 0.3015625 0.03125 0.03125
1 0.0109375 0.3703125 0.021875 0.109375
1 0.003125 0.275 0.00625 0.08125
6 0.15625 0.365625 0.103125 0.178125
2 0.7 0.7390625 0.221875 0.35625
2 0.01875 0.4 0.0375 0.1
2 0.2796875 0.353125 0.071875 0.1125
2 0.0140625 0.3015625 0.028125 0.065625
2 0.2359375 0.284375 0.04375 0.0625
5 0.2953125 0.321875 0.06875 0.1125