2 0.521875 0.66875 0.1375 0.25625
2 0.690625 0.7453125 0.178125 0.23125
2 0.1328125 0.2390625 0.025 0.071875
2 0.2453125 0.2890625 0.040625 0.05625
5 0.29375 0.3296875 0.059375 0.146875
1 0.0015625 0.275 0.003125 0.0875
3 0.7203125 0.8765625 0.10625 0.18125
3 0.7875 0.821875 0.09375 0.171875
3 0.2125 0.4890625 0.10625 0.203125
3 0.0015625 0.328125 0.003125 0.075
3 0.1484375 0.2984375 0.028125 0.059375
3 0.1640625 0.29375 0.01875 0.059375
3 0.175 0.23125 0.01875 0.03125
2 0.0140625 0.2671875 0.025 0.059375