3 0.5015625 0.9015625 0.121875 0.184375
3 0.884375 0.50625 0.053125 0.1
3 0.9734375 0.4640625 0.046875 0.08125
3 0.865625 0.4046875 0.0375 0.05625
2 0.2015625 0.859375 0.246875 0.28125
2 0.3578125 0.753125 0.21875 0.265625
2 0.5375 0.615625 0.19375 0.196875
2 0.7578125 0.428125 0.06875 0.090625
2 0.88125 0.340625 0.040625 0.059375
2 0.903125 0.315625 0.0375 0.05625
2 0.9890625 0.284375 0.021875 0.04375
3 0.9921875 0.3265625 0.015625 0.065625
6 0.9859375 0.403125 0.028125 0.10625
1 0.959375 0.3203125 0.078125 0.121875