2 0.5234375 0.63125 0.121875 0.190625
2 0.6625 0.59375 0.16875 0.1875
2 0.5875 0.53125 0.109375 0.125
2 0.7234375 0.4890625 0.10625 0.11875
2 0.8984375 0.45 0.06875 0.121875
2 0.83125 0.3671875 0.0625 0.10625
2 0.9515625 0.3140625 0.0375 0.065625
2 0.8953125 0.3140625 0.034375 0.040625
2 0.8859375 0.334375 0.0375 0.034375
1 0.209375 0.7640625 0.40625 0.471875
1 0.971875 0.2765625 0.05625 0.109375
3 0.64375 0.5234375 0.046875 0.075
3 0.9671875 0.440625 0.03125 0.06875
3 0.9265625 0.3109375 0.025 0.04375
2 0.6640625 0.4828125 0.059375 0.071875
2 0.9984375 0.2875 0.003125 0.05