2 0.35859375 0.8515625 0.2453125 0.296875
2 0.9609375 0.85234375 0.078125 0.2953125
2 0.89375 0.6640625 0.14375 0.2390625
2 0.940625 0.43046875 0.1 0.1609375
2 0.79296875 0.9609375 0.2953125 0.078125
3 0.39296875 0.64140625 0.0796875 0.1890625
4 0.98671875 0.61953125 0.0265625 0.23359375
2 0.5125 0.45390625 0.11875 0.146875
3 0.87578125 0.85859375 0.0953125 0.2390625
3 0.17109375 0.8984375 0.1265625 0.203125
2 0.5625 0.53203125 0.103125 0.175
4 0.18203125 0.69765625 0.1375 0.25
4 0.23515625 0.73671875 0.13671875 0.2390625