2 0.77109375 0.946875 0.14140625 0.10625
2 0.4171875 0.90390625 0.196875 0.1921875
2 0.5859375 0.7125 0.1125 0.1734375
2 0.8890625 0.77890625 0.1 0.17578125
2 0.8984375 0.64375 0.07890625 0.15
2 0.84296875 0.59765625 0.08125 0.134375
2 0.9796875 0.50546875 0.040625 0.0953125
2 0.38828125 0.7734375 0.16015625 0.12109375
2 0.96640625 0.4 0.034375 0.06171875
2 0.9875 0.3640625 0.025 0.053125
1 0.9171875 0.89609375 0.165625 0.2078125
1 0.9859375 0.7640625 0.028125 0.425
0 0.55390625 0.9640625 0.134375 0.071875
4 0.45546875 0.68828125 0.09453125 0.14375