2 0.95078125 0.8765625 0.0984375 0.246875
2 0.60859375 0.88046875 0.1828125 0.2390625
2 0.528125 0.66796875 0.109375 0.1953125
2 0.7015625 0.55078125 0.075 0.14609375
2 0.828125 0.36015625 0.06875 0.1109375
2 0.48203125 0.31484375 0.06015625 0.115625
2 0.5609375 0.4515625 0.0671875 0.1546875
2 0.6875 0.39921875 0.06328125 0.14453125
2 0.57265625 0.3046875 0.05546875 0.09375
2 0.59296875 0.2140625 0.046875 0.0828125
2 0.6828125 0.3125 0.0609375 0.09921875
2 0.7640625 0.21171875 0.046875 0.07578125
2 0.734375 0.15 0.0421875 0.06484375
2 0.66875 0.2046875 0.05 0.075
2 0.65546875 0.1421875 0.03671875 0.0671875
2 0.71171875 0.10546875 0.0375 0.06015625
2 0.6375 0.05859375 0.03125 0.0625
2 0.68515625 0.04453125 0.03125 0.04921875
6 0.93046875 0.64609375 0.1390625 0.325
3 0.465625 0.8703125 0.05859375 0.19375
3 0.63046875 0.40390625 0.03046875 0.1046875