2 0.95078125 0.87734375 0.0984375 0.2453125
2 0.38125 0.9234375 0.18125 0.153125
2 0.5078125 0.6875 0.103125 0.1875
2 0.67578125 0.70625 0.096875 0.2296875
2 0.87578125 0.4890625 0.084375 0.128125
2 0.8203125 0.36484375 0.0625 0.10234375
2 0.57421875 0.509375 0.07578125 0.15625
2 0.48125 0.31640625 0.05859375 0.1171875
2 0.696875 0.5078125 0.0796875 0.17421875
2 0.69296875 0.378125 0.05859375 0.103125
2 0.5859375 0.28984375 0.05234375 0.11484375
2 0.6859375 0.30859375 0.05703125 0.0921875
2 0.78359375 0.27890625 0.05625 0.0953125
2 0.753125 0.21875 0.04921875 0.08203125
2 0.67109375 0.24765625 0.0453125 0.078125
2 0.70390625 0.12890625 0.0359375 0.059375
2 0.7015625 0.0515625 0.03125 0.05859375
1 0.6328125 0.03984375 0.04921875 0.0796875
6 0.93671875 0.64453125 0.1265625 0.3109375