2 0.753125 0.54921875 0.303125 0.21953125
2 0.78359375 0.22734375 0.18046875 0.1234375
2 0.4328125 0.34296875 0.2515625 0.1984375
2 0.27578125 0.38515625 0.2234375 0.16875
2 0.1109375 0.240625 0.18046875 0.14453125
2 0.4328125 0.153125 0.12578125 0.09609375
2 0.25703125 0.17109375 0.12890625 0.1203125
2 0.06484375 0.0484375 0.1296875 0.096875
1 0.1171875 0.50859375 0.23359375 0.49140625
6 0.56484375 0.18046875 0.196875 0.17265625
3 0.5140625 0.59375 0.10703125 0.18828125
3 0.25703125 0.49375 0.0671875 0.1484375