2 0.834375 0.98984375 0.271875 0.01953125
2 0.51015625 0.93203125 0.25 0.13515625
2 0.1703125 0.96171875 0.3015625 0.07578125
2 0.3234375 0.83125 0.24375 0.2796875
2 0.1921875 0.68515625 0.2109375 0.20703125
2 0.590625 0.79765625 0.215625 0.30390625
2 0.859375 0.7921875 0.178125 0.23984375
2 0.8359375 0.915625 0.2203125 0.16796875
2 0.43125 0.65703125 0.19296875 0.27734375
2 0.53828125 0.5546875 0.12421875 0.159375
2 0.6765625 0.6390625 0.1484375 0.22578125
2 0.86328125 0.6484375 0.15859375 0.17421875
2 0.890625 0.521875 0.12265625 0.2
1 0.7484375 0.3671875 0.18125 0.31640625
2 0.490625 0.3734375 0.11875 0.115625
2 0.5765625 0.4734375 0.11796875 0.13515625
2 0.56015625 0.28203125 0.0921875 0.09921875
2 0.6140625 0.20546875 0.0859375 0.0953125