2 0.04453125 0.821875 0.0890625 0.275
2 0.84609375 0.91875 0.2484375 0.16171875
2 0.64765625 0.47890625 0.0890625 0.09296875
2 0.73046875 0.4 0.07734375 0.07578125
2 0.60234375 0.37421875 0.059375 0.06328125
2 0.67734375 0.32578125 0.0625 0.0578125
2 0.578125 0.3078125 0.0484375 0.06171875
2 0.31640625 0.28671875 0.0703125 0.08203125
2 0.32734375 0.21328125 0.059375 0.071875
2 0.225 0.16953125 0.0609375 0.05078125
2 0.25859375 0.121875 0.04609375 0.05546875
2 0.33984375 0.1671875 0.05390625 0.05703125
6 0.24453125 0.8421875 0.4890625 0.315625
6 0.3609375 0.53046875 0.2265625 0.390625
6 0.43515625 0.24765625 0.11328125 0.2203125
6 0.86484375 0.5390625 0.1875 0.19765625
6 0.16640625 0.45625 0.21875 0.28046875
1 0.13984375 0.13046875 0.09296875 0.11328125
2 0.8671875 0.39296875 0.08203125 0.0703125