2 0.62421875 0.99453125 0.315625 0.0109375
2 0.63671875 0.9359375 0.2796875 0.128125
2 0.9890625 0.925 0.021875 0.15
2 0.91796875 0.996875 0.1640625 0.00546875
2 0.9890625 0.82890625 0.021875 0.25390625
2 0.67578125 0.3515625 0.27578125 0.1453125
2 0.73203125 0.8546875 0.23359375 0.25625
2 0.646875 0.76484375 0.203125 0.20390625
2 0.86328125 0.5484375 0.1734375 0.19453125
2 0.78515625 0.61796875 0.18984375 0.17734375
2 0.740625 0.67734375 0.2125 0.20390625
2 0.9734375 0.19609375 0.053125 0.09375
2 0.9078125 0.178125 0.09375 0.09296875
3 0.39765625 0.8609375 0.084375 0.25625
1 0.08203125 0.74296875 0.1640625 0.5140625