2 0.12421875 0.925 0.2484375 0.15
2 0.078125 0.996875 0.15546875 0.00546875
2 0.49296875 0.91953125 0.284375 0.16015625
2 0.915625 0.84609375 0.16875 0.26171875
2 0.86328125 0.7296875 0.221875 0.21484375
2 0.78046875 0.63515625 0.20625 0.20078125
2 0.7265625 0.5203125 0.1734375 0.16875
2 0.65625 0.41875 0.33671875 0.16875
2 0.87109375 0.33671875 0.2578125 0.14375
2 0.42421875 0.63359375 0.20625 0.2265625
2 0.440625 0.5234375 0.1921875 0.1625
2 0.4078125 0.36640625 0.30390625 0.13359375
2 0.3125 0.24453125 0.20078125 0.11015625
2 0.10234375 0.82890625 0.2046875 0.25390625
2 0.1640625 0.7578125 0.203125 0.25859375
2 0.13828125 0.5828125 0.18515625 0.1484375
2 0.134375 0.521875 0.1921875 0.1421875
2 0.09375 0.2015625 0.09921875 0.1015625
2 0.015625 0.19609375 0.03125 0.09375
2 0.1859375 0.17734375 0.1015625 0.11015625