6 0.58984375 0.9578125 0.1359375 0.084375
6 0.646875 0.815625 0.03984375 0.0890625
2 0.6859375 0.9359375 0.03828125 0.059375
2 0.66875 0.87890625 0.0296875 0.04453125
2 0.71875 0.8765625 0.0265625 0.0421875
2 0.6890625 0.83671875 0.02578125 0.0359375
2 0.95546875 0.865625 0.02578125 0.03671875
2 0.90859375 0.8671875 0.02890625 0.0375
2 0.8859375 0.82265625 0.01953125 0.02890625
2 0.8578125 0.83046875 0.02265625 0.02890625
2 0.81015625 0.8234375 0.025 0.034375
2 0.84140625 0.79921875 0.021875 0.0359375