2 0.29375 0.83984375 0.2234375 0.21953125
2 0.06875 0.74921875 0.13671875 0.19921875
2 0.24921875 0.54375 0.165625 0.16328125
2 0.6046875 0.66640625 0.16640625 0.20703125
2 0.5203125 0.471875 0.13984375 0.1734375
2 0.6671875 0.384375 0.1234375 0.1234375
2 0.43671875 0.28046875 0.103125 0.0765625
2 0.81875 0.23359375 0.0734375 0.0796875
2 0.69921875 0.1890625 0.05546875 0.06640625
2 0.753125 0.08984375 0.046875 0.03359375
1 0.63203125 0.20546875 0.08984375 0.103125
1 0.04140625 0.19609375 0.0828125 0.10078125