2 0.38515625 0.8921875 0.22109375 0.21328125
2 0.33125 0.74140625 0.18671875 0.1734375
2 0.27578125 0.62890625 0.15546875 0.140625
2 0.44140625 0.57109375 0.1421875 0.13046875
2 0.24375 0.53984375 0.140625 0.13671875
2 0.4203125 0.48984375 0.13359375 0.1234375
2 0.23671875 0.4578125 0.1328125 0.109375
2 0.378125 0.4265625 0.12109375 0.1140625
2 0.61015625 0.46796875 0.1359375 0.12109375
2 0.19140625 0.41015625 0.11796875 0.1234375
2 0.30703125 0.3375 0.10546875 0.11875
2 0.94765625 0.628125 0.10390625 0.1921875
2 0.83671875 0.52578125 0.15234375 0.15
2 0.77578125 0.45859375 0.1296875 0.125
2 0.88203125 0.4171875 0.1328125 0.11953125
2 0.82421875 0.31484375 0.10078125 0.07578125
2 0.771875 0.290625 0.075 0.0671875
2 0.9390625 0.13671875 0.07734375 0.0421875
2 0.9265625 0.09765625 0.09453125 0.03984375
2 0.70390625 0.38359375 0.1359375 0.14765625
2 0.52734375 0.384375 0.09921875 0.090625
2 0.62734375 0.37265625 0.05 0.08203125
2 0.5984375 0.3125 0.11171875 0.1265625
2 0.5328125 0.30078125 0.05078125 0.07265625
2 0.5125 0.28125 0.07109375 0.07109375
2 0.4734375 0.25078125 0.078125 0.075
2 0.44296875 0.22578125 0.06328125 0.065625
2 0.44375 0.346875 0.115625 0.0765625
2 0.41640625 0.30078125 0.0890625 0.06875
2 0.375 0.27265625 0.07421875 0.05703125
2 0.34921875 0.22890625 0.08125 0.09296875
2 0.16484375 0.3609375 0.09140625 0.0828125
2 0.1625 0.31015625 0.08203125 0.0671875
2 0.2609375 0.29453125 0.07734375 0.071875
2 0.1375 0.29375 0.071875 0.06640625
2 0.1234375 0.23203125 0.071875 0.0578125
2 0.17890625 0.1921875 0.0578125 0.05390625
2 0.23359375 0.228125 0.07734375 0.09765625
1 0.66328125 0.74765625 0.3015625 0.40078125