2 0.9 0.99296875 0.05 0.0140625
2 0.67890625 0.98984375 0.05 0.01953125
2 0.6875 0.9578125 0.04296875 0.0375
2 0.58984375 0.97578125 0.0421875 0.04765625
2 0.55390625 0.94453125 0.02890625 0.03359375
2 0.5890625 0.9296875 0.03515625 0.034375
2 0.55 0.90546875 0.02578125 0.0296875
6 0.909375 0.9625 0.053125 0.07421875
6 0.05078125 0.946875 0.0359375 0.0671875
1 0.3421875 0.94140625 0.05703125 0.084375
1 0.38125 0.85703125 0.0484375 0.059375
1 0.29375 0.7859375 0.02578125 0.0375
1 0.26796875 0.76171875 0.0203125 0.03125
2 0.16484375 0.9921875 0.0421875 0.015625
2 0.20703125 0.978125 0.03515625 0.0390625
2 0.24296875 0.934375 0.0203125 0.028125
2 0.26328125 0.89296875 0.021875 0.02734375
2 0.265625 0.94609375 0.0390625 0.059375
2 0.0109375 0.978125 0.021875 0.04375
2 0.0265625 0.93203125 0.01796875 0.0328125
2 0.084375 0.9265625 0.0234375 0.0296875
2 0.09140625 0.8875 0.0203125 0.02734375
2 0.009375 0.884375 0.01875 0.0265625
2 0.0375 0.8703125 0.021875 0.04375
2 0.0640625 0.87734375 0.01796875 0.03046875
2 0.075 0.8609375 0.01640625 0.02890625
2 0.06484375 0.8265625 0.0171875 0.0328125
2 0.1015625 0.86328125 0.0171875 0.028125