2 0.91015625 0.33359375 0.12265625 0.1296875
2 0.70234375 0.3328125 0.1140625 0.13828125
2 0.734375 0.0953125 0.07109375 0.0734375
2 0.83359375 0.08828125 0.065625 0.0796875
2 0.9 0.0171875 0.05 0.034375
2 0.67890625 0.015625 0.05 0.03046875
2 0.61953125 0.03515625 0.0484375 0.05390625
2 0.58984375 0.00078125 0.0421875 0.0015625
6 0.909375 0.00078125 0.053125 0.0015625
1 0.30625 0.56640625 0.378125 0.7421875
2 0.0171875 0.1125 0.03359375 0.06796875
2 0.16484375 0.01640625 0.0421875 0.0328125
2 0.0109375 0.00546875 0.021875 0.0109375