2 0.903125 0.9328125 0.19375 0.134375
2 0.05390625 0.94140625 0.1078125 0.11640625
2 0.259375 0.8484375 0.13984375 0.13828125
2 0.4515625 0.80859375 0.13359375 0.15546875
2 0.665625 0.81875 0.12890625 0.1671875
2 0.428125 0.6625 0.1140625 0.10078125
2 0.24609375 0.7109375 0.09921875 0.1328125
2 0.2421875 0.6375 0.10390625 0.1046875
2 0.50546875 0.54609375 0.09140625 0.0875
2 0.20625 0.4953125 0.0890625 0.08359375
2 0.3125 0.46796875 0.08359375 0.071875
2 0.453125 0.38671875 0.0671875 0.08046875
2 0.2890625 0.41015625 0.06953125 0.06640625
2 0.17578125 0.421875 0.06796875 0.0640625
2 0.16484375 0.371875 0.0703125 0.07265625
2 0.24921875 0.35546875 0.05703125 0.06171875
2 0.42109375 0.35546875 0.0609375 0.075
2 0.371875 0.32265625 0.0578125 0.05625
2 0.24921875 0.3046875 0.05234375 0.04296875
2 0.14765625 0.3234375 0.0453125 0.04453125
2 0.21171875 0.2703125 0.05078125 0.0515625
2 0.309375 0.26875 0.04921875 0.0484375
2 0.11015625 0.25078125 0.04453125 0.05234375
2 0.165625 0.2375 0.046875 0.04765625
2 0.0203125 0.23671875 0.040625 0.0390625
3 0.71875 0.89375 0.053125 0.14140625