2 0.43203125 0.99609375 0.18125 0.0078125
2 0.73828125 0.978125 0.17890625 0.04375
2 0.9828125 0.94140625 0.034375 0.11640625
2 0.1921875 0.86171875 0.1515625 0.14765625
2 0.12265625 0.78984375 0.13984375 0.11171875
2 0.271875 0.67265625 0.10625 0.12109375
2 0.428125 0.81796875 0.14296875 0.14375
2 0.559375 0.72109375 0.1234375 0.14921875
2 0.73359375 0.871875 0.1421875 0.153125
2 0.76171875 0.79453125 0.11171875 0.1140625
2 0.79296875 0.72109375 0.1125 0.10703125
2 0.6484375 0.66640625 0.1171875 0.10390625
2 0.84140625 0.65 0.09921875 0.11640625
2 0.840625 0.5921875 0.09609375 0.103125
2 0.6984375 0.56015625 0.09765625 0.0890625
2 0.86796875 0.51640625 0.09296875 0.08515625
2 0.71796875 0.50703125 0.08515625 0.0703125
2 0.86328125 0.4671875 0.09296875 0.05859375
2 0.85546875 0.425 0.0734375 0.0609375
1 0.86015625 0.3375 0.09609375 0.1359375
2 0.6921875 0.32734375 0.06171875 0.06875
6 0.70859375 0.271875 0.07578125 0.11015625
1 0.865625 0.26640625 0.08125 0.09296875
2 0.79609375 0.29765625 0.0515625 0.0609375
2 0.99765625 0.23671875 0.0046875 0.0390625