2 0.9046875 0.9703125 0.13671875 0.059375
2 0.7859375 0.896875 0.1609375 0.1390625
2 0.375 0.8875 0.13125 0.1234375
2 0.27890625 0.76328125 0.08984375 0.0953125
2 0.0734375 0.9265625 0.121875 0.14140625
2 0.115625 0.7828125 0.09453125 0.096875
2 0.0328125 0.7 0.065625 0.08203125
2 0.11640625 0.71484375 0.065625 0.05703125
2 0.12890625 0.67734375 0.096875 0.07578125
2 0.2625 0.66171875 0.0984375 0.08359375
2 0.33984375 0.640625 0.090625 0.0671875
2 0.53984375 0.65625 0.0828125 0.0859375
2 0.67734375 0.6234375 0.08125 0.071875
2 0.6046875 0.61640625 0.078125 0.06328125
2 0.934375 0.5640625 0.115625 0.06640625
2 0.75 0.58046875 0.071875 0.0609375