1 0.0734375 0.4515625 0.05 0.115625
1 0.1109375 0.41875 0.03125 0.059375
1 0.1453125 0.425 0.034375 0.04375
1 0.1796875 0.4171875 0.028125 0.04375
1 0.05625 0.5421875 0.071875 0.134375
1 0.0125 0.5328125 0.025 0.121875
1 0.0125 0.4625 0.025 0.04375
6 0.15 0.515625 0.0625 0.090625
6 0.1921875 0.584375 0.0625 0.1
3 0.0828125 0.63125 0.025 0.084375
3 0.04375 0.6296875 0.015625 0.071875
3 0.4671875 0.715625 0.025 0.046875
3 0.5109375 0.71875 0.075 0.05625
6 0.0734375 0.8640625 0.090625 0.1875
2 0.7046875 0.8359375 0.225 0.146875