3 0.3484375 0.91875 0.109375 0.1625
6 0.86875 0.7859375 0.125 0.2125
6 0.8703125 0.6578125 0.090625 0.10625
1 0.5640625 0.8140625 0.278125 0.371875
1 0.703125 0.56875 0.16875 0.2375
1 0.665625 0.4453125 0.09375 0.0625
1 0.78125 0.421875 0.071875 0.14375
1 0.8671875 0.403125 0.0875 0.096875
1 0.8234375 0.3328125 0.05625 0.05625
6 0.8859375 0.55625 0.0875 0.115625
6 0.78125 0.3359375 0.034375 0.046875
5 0.871875 0.46875 0.0875 0.1375
6 0.8640625 0.3046875 0.040625 0.034375
6 0.9375 0.315625 0.028125 0.034375
2 0.9140625 0.35 0.0375 0.04375
2 0.903125 0.3234375 0.03125 0.01875
2 0.88125 0.3390625 0.03125 0.028125
2 0.9859375 0.3609375 0.028125 0.059375