1 0.9921875 0.4921875 0.015625 0.109375
1 0.990625 0.421875 0.01875 0.04375
6 0.9 0.4921875 0.040625 0.040625
1 0.84375 0.44375 0.040625 0.04375
1 0.846875 0.5359375 0.08125 0.084375
1 0.796875 0.465625 0.053125 0.053125
1 0.7609375 0.5140625 0.0625 0.071875
1 0.734375 0.571875 0.078125 0.10625
1 0.678125 0.6421875 0.090625 0.18125
5 0.8453125 0.6828125 0.109375 0.2375
2 0.6640625 0.7765625 0.096875 0.109375
2 0.7390625 0.875 0.10625 0.153125
3 0.6140625 0.6875 0.025 0.08125
3 0.7421875 0.696875 0.03125 0.090625