1 0.321875 0.8765625 0.34375 0.246875
2 0.825 0.9953125 0.15 0.009375
3 0.7265625 0.9921875 0.078125 0.015625
3 0.6921875 0.9546875 0.053125 0.090625
6 0.5765625 0.9375 0.215625 0.125
6 0.8234375 0.921875 0.121875 0.15625
6 0.778125 0.8859375 0.1125 0.165625
6 0.709375 0.81875 0.140625 0.165625
2 0.60625 0.84375 0.109375 0.090625
2 0.6078125 0.78125 0.078125 0.06875
2 0.7421875 0.7359375 0.075 0.090625
2 0.7671875 0.5984375 0.0375 0.0625
2 0.8 0.6234375 0.03125 0.053125
1 0.4609375 0.7734375 0.1875 0.21875
1 0.86875 0.6109375 0.103125 0.1875
1 0.703125 0.6140625 0.121875 0.14375
5 0.85 0.753125 0.140625 0.21875
6 0.75625 0.6828125 0.071875 0.065625
6 0.66875 0.7 0.078125 0.103125
6 0.734375 0.534375 0.046875 0.046875
6 0.8265625 0.5140625 0.04375 0.040625
6 0.853125 0.5 0.0375 0.046875
1 0.7671875 0.5078125 0.06875 0.08125
1 0.7953125 0.4734375 0.059375 0.059375
1 0.8328125 0.4609375 0.05625 0.053125
1 0.859375 0.45 0.034375 0.05
1 0.9046875 0.440625 0.059375 0.040625
5 0.8984375 0.4828125 0.065625 0.0875