5 0.8265625 0.9515625 0.215625 0.096875
1 0.38125 0.9234375 0.29375 0.153125
2 0.571875 0.940625 0.1125 0.11875
2 0.6546875 0.8875 0.1 0.11875
2 0.7171875 0.7859375 0.078125 0.09375
6 0.60625 0.7984375 0.09375 0.125
6 0.8578125 0.859375 0.0875 0.109375
1 0.8625 0.70625 0.125 0.2625
1 0.6578125 0.6640625 0.121875 0.175
6 0.7484375 0.721875 0.075 0.1125
6 0.8875 0.55625 0.04375 0.046875
5 0.8859375 0.4953125 0.065625 0.090625
1 0.7421875 0.534375 0.065625 0.08125
1 0.7796875 0.4796875 0.0625 0.0625
1 0.8515625 0.459375 0.053125 0.046875
6 0.8125 0.528125 0.04375 0.040625