1 0.2515625 0.971875 0.440625 0.05625
6 0.6453125 0.9859375 0.159375 0.028125
3 0.55625 0.9796875 0.05 0.040625
1 0.428125 0.846875 0.26875 0.30625
6 0.6328125 0.8921875 0.171875 0.215625
2 0.8296875 0.98125 0.096875 0.0375
2 0.8390625 0.934375 0.10625 0.125
6 0.8390625 0.821875 0.090625 0.140625
6 0.8015625 0.8 0.071875 0.1375
6 0.75625 0.7484375 0.096875 0.14375
5 0.859375 0.675 0.096875 0.1375
3 0.9 0.759375 0.034375 0.109375
1 0.5421875 0.703125 0.15625 0.159375
6 0.7796875 0.6359375 0.065625 0.065625
1 0.8765625 0.5625 0.096875 0.128125
1 0.7140625 0.56875 0.090625 0.090625
6 0.7140625 0.65 0.059375 0.078125
6 0.7828125 0.5140625 0.04375 0.06875