2 0.1390625 0.9359375 0.140625 0.128125
6 0.00625 0.5125 0.0125 0.0875
1 0.0671875 0.4953125 0.053125 0.0875
1 0.084375 0.465625 0.040625 0.071875
1 0.1046875 0.440625 0.040625 0.05625
6 0.1421875 0.434375 0.025 0.0375
2 0.1609375 0.415625 0.015625 0.025
1 0.203125 0.396875 0.021875 0.04375
6 0.1484375 0.5078125 0.0625 0.08125
1 0.0671875 0.3984375 0.025 0.028125
6 0.19375 0.5875 0.065625 0.103125
6 0.0625 0.5625 0.028125 0.040625
6 0.0328125 0.675 0.065625 0.09375
3 0.0796875 0.715625 0.03125 0.053125
3 0.0703125 0.74375 0.040625 0.05625
2 0.071875 0.8328125 0.075 0.13125
3 0.171875 0.61875 0.01875 0.071875
6 0.5671875 0.815625 0.19375 0.15
3 0.4671875 0.709375 0.021875 0.059375