2 0.5390625 0.959375 0.140625 0.08125
2 0.6734375 0.8859375 0.125 0.11875
2 0.5078125 0.896875 0.125 0.159375
2 0.665625 0.9546875 0.1125 0.090625
6 0.7703125 0.9390625 0.203125 0.121875
6 0.8578125 0.834375 0.10625 0.2
1 0.1796875 0.975 0.359375 0.05
6 0.7890625 0.771875 0.075 0.13125
3 0.7734375 0.8703125 0.046875 0.071875
2 0.5328125 0.8078125 0.075 0.078125
1 0.6515625 0.765625 0.125 0.240625
1 0.675 0.6515625 0.128125 0.165625
1 0.7203125 0.5796875 0.09375 0.146875
2 0.7640625 0.7359375 0.059375 0.09375
2 0.775 0.684375 0.0625 0.05625
2 0.7875 0.65625 0.053125 0.059375
2 0.8609375 0.6609375 0.0625 0.053125
2 0.8609375 0.696875 0.084375 0.071875
6 0.8 0.6203125 0.06875 0.08125
5 0.86875 0.5671875 0.078125 0.153125
2 0.8078125 0.5671875 0.046875 0.053125
2 0.7828125 0.5296875 0.0375 0.040625
3 0.7734375 0.5765625 0.01875 0.05625
1 0.8125 0.4890625 0.0625 0.090625
1 0.8796875 0.5046875 0.071875 0.09375
1 0.8359375 0.4453125 0.059375 0.046875
3 0.8078125 0.509375 0.015625 0.028125
1 0.8734375 0.44375 0.025 0.040625
1 0.9875 0.3984375 0.025 0.040625
2 0.99375 0.7046875 0.0125 0.140625