5 0.71875 0.9421875 0.2375 0.115625
1 0.4671875 0.8828125 0.271875 0.234375
1 0.70625 0.865625 0.20625 0.26875
1 0.6140625 0.753125 0.159375 0.175
1 0.625 0.6515625 0.14375 0.121875
2 0.84375 0.865625 0.084375 0.134375
2 0.8515625 0.8125 0.08125 0.109375
2 0.88125 0.775 0.075 0.10625
2 0.878125 0.7140625 0.078125 0.075
2 0.78125 0.6953125 0.0625 0.0625
3 0.8 0.7609375 0.034375 0.09375
3 0.8296875 0.6984375 0.025 0.090625
6 0.715625 0.7015625 0.071875 0.071875
6 0.88125 0.6625 0.059375 0.071875
2 0.728125 0.6578125 0.05625 0.046875
2 0.7515625 0.6125 0.046875 0.046875
2 0.8140625 0.628125 0.046875 0.053125
2 0.8203125 0.6078125 0.05 0.040625
3 0.715625 0.6 0.025 0.06875
3 0.771875 0.5984375 0.021875 0.05625
1 0.7578125 0.546875 0.075 0.1125
1 0.765625 0.5 0.0625 0.06875
1 0.7671875 0.4875 0.075 0.096875
1 0.8484375 0.4453125 0.06875 0.053125
6 0.8375 0.5140625 0.05 0.053125
6 0.821875 0.4921875 0.0375 0.0625
6 0.8484375 0.5828125 0.05 0.078125
2 0.89375 0.5375 0.0375 0.05
2 0.8625 0.5015625 0.034375 0.04375
2 0.834375 0.540625 0.046875 0.034375
1 0.98125 0.415625 0.0375 0.0375
6 0.978125 0.5 0.04375 0.0875
2 0.99375 0.7 0.0125 0.0875
3 0.2421875 0.99375 0.053125 0.0125