2 0.790625 0.96875 0.125 0.0625
6 0.6671875 0.8984375 0.125 0.1875
2 0.853125 0.78125 0.103125 0.11875
2 0.8140625 0.721875 0.09375 0.11875
2 0.7515625 0.6984375 0.075 0.09375
1 0.6765625 0.653125 0.09375 0.196875
3 0.596875 0.6765625 0.040625 0.10625
5 0.853125 0.603125 0.1 0.228125
2 0.7890625 0.640625 0.040625 0.071875
1 0.7328125 0.575 0.08125 0.134375
1 0.7578125 0.5140625 0.059375 0.084375
1 0.7984375 0.4625 0.0625 0.053125
6 0.9 0.4953125 0.04375 0.053125
1 0.840625 0.44375 0.053125 0.046875
1 0.8765625 0.434375 0.03125 0.028125
6 0.884375 0.4640625 0.028125 0.021875
3 0.909375 0.5109375 0.01875 0.034375
1 0.990625 0.415625 0.01875 0.05
1 0.9859375 0.496875 0.028125 0.1125
6 0.9890625 0.65625 0.021875 0.11875
6 0.9984375 0.790625 0.003125 0.15625