1 0.2234375 0.996875 0.428125 0.00625
3 0.525 0.990625 0.05 0.01875
2 0.8265625 0.9796875 0.134375 0.040625
2 0.8453125 0.9203125 0.109375 0.1125
1 0.428125 0.8484375 0.26875 0.303125
6 0.63125 0.8859375 0.175 0.228125
6 0.7984375 0.79375 0.06875 0.1375
6 0.846875 0.821875 0.090625 0.125
6 0.7578125 0.746875 0.09375 0.146875
5 0.859375 0.6734375 0.09375 0.153125
3 0.9 0.759375 0.034375 0.10625
1 0.5421875 0.70625 0.16875 0.15625
1 0.7140625 0.59375 0.090625 0.13125
1 0.8765625 0.5578125 0.0875 0.10625
5 0.9125 0.4671875 0.053125 0.078125
1 0.784375 0.5 0.0625 0.090625
1 0.85625 0.4546875 0.05625 0.053125
6 0.7796875 0.6484375 0.065625 0.078125
6 0.8265625 0.515625 0.034375 0.03125
2 0.78125 0.5984375 0.040625 0.028125