3 0.5140625 0.940625 0.046875 0.11875
3 0.4609375 0.846875 0.0375 0.128125
3 0.490625 0.7859375 0.025 0.1
3 0.5578125 0.8484375 0.03125 0.13125
3 0.5640625 0.7703125 0.034375 0.09375
2 0.4515625 0.9921875 0.165625 0.015625
2 0.6359375 0.95 0.128125 0.1
6 0.8265625 0.9359375 0.128125 0.128125
2 0.740625 0.8875 0.103125 0.13125
2 0.8625 0.83125 0.0875 0.10625
2 0.7875 0.79375 0.090625 0.090625
2 0.746875 0.765625 0.06875 0.090625
2 0.8578125 0.7265625 0.078125 0.090625
2 0.840625 0.69375 0.06875 0.0625
1 0.65 0.7484375 0.11875 0.2
1 0.63125 0.6703125 0.11875 0.140625
1 0.68125 0.61875 0.0875 0.13125
1 0.734375 0.5734375 0.075 0.121875
1 0.7609375 0.509375 0.05625 0.071875
1 0.825 0.45625 0.065625 0.046875
6 0.7390625 0.7078125 0.078125 0.0875
5 0.853125 0.5921875 0.096875 0.13125
6 0.9921875 0.4828125 0.015625 0.046875
1 0.9875 0.59375 0.025 0.175