2 0.6328125 0.9640625 0.140625 0.071875
2 0.671875 0.8765625 0.1 0.10625
2 0.7375 0.7125 0.065625 0.0875
5 0.7890625 0.9671875 0.228125 0.065625
6 0.828125 0.86875 0.1625 0.234375
6 0.8265625 0.7203125 0.075 0.06875
3 0.50625 0.9984375 0.05625 0.003125
3 0.39375 0.8734375 0.040625 0.109375
3 0.6171875 0.7703125 0.040625 0.103125
2 0.6890625 0.784375 0.1 0.090625
3 0.6703125 0.715625 0.021875 0.053125
1 0.6171875 0.6765625 0.128125 0.171875
1 0.8296875 0.640625 0.1 0.18125
1 0.6875 0.6 0.1 0.146875
5 0.7578125 0.571875 0.059375 0.0625
1 0.753125 0.525 0.078125 0.065625
1 0.771875 0.48125 0.06875 0.05625
1 0.8375 0.45625 0.053125 0.0375
1 0.8953125 0.4375 0.065625 0.05625
6 0.84375 0.4953125 0.05625 0.053125
6 0.8984375 0.4953125 0.040625 0.046875