3 0.25625 0.659375 0.071875 0.146875
3 0.159375 0.5796875 0.084375 0.146875
6 0.621875 0.6546875 0.259375 0.25625
2 0.1515625 0.8578125 0.1875 0.284375
6 0.0828125 0.6015625 0.115625 0.21875
6 0.2484375 0.4265625 0.09375 0.159375
1 0.2109375 0.49375 0.153125 0.259375
1 0.103125 0.409375 0.0875 0.16875
1 0.109375 0.334375 0.096875 0.1375
2 0.1125 0.2859375 0.05625 0.08125
2 0.096875 0.29375 0.053125 0.0875
2 0.203125 0.25625 0.03125 0.075
5 0.196875 0.34375 0.078125 0.115625
1 0.1671875 0.2984375 0.071875 0.15