1 0.403125 0.8578125 0.29375 0.284375
2 0.55 0.9984375 0.1375 0.003125
6 0.8625 0.9546875 0.11875 0.090625
6 0.5875 0.8671875 0.06875 0.203125
6 0.7171875 0.859375 0.115625 0.134375
6 0.853125 0.8109375 0.09375 0.125
6 0.7515625 0.721875 0.078125 0.08125
6 0.775 0.6890625 0.0625 0.078125
2 0.684375 0.9453125 0.1 0.109375
2 0.75625 0.8015625 0.084375 0.103125
2 0.8640625 0.8921875 0.1 0.065625
6 0.88125 0.6890625 0.071875 0.071875
1 0.63125 0.70625 0.140625 0.1875
1 0.6765625 0.6375 0.090625 0.140625
6 0.8828125 0.6328125 0.046875 0.0625
6 0.884375 0.59375 0.053125 0.0625
6 0.884375 0.509375 0.0625 0.05
5 0.8890625 0.5484375 0.065625 0.05625
2 0.809375 0.6390625 0.05 0.05625
2 0.815625 0.609375 0.046875 0.053125
2 0.8140625 0.578125 0.034375 0.025
2 0.73125 0.6390625 0.028125 0.059375
2 0.7453125 0.6078125 0.040625 0.04375
6 0.8125 0.5546875 0.040625 0.0375
3 0.8421875 0.6 0.021875 0.065625
1 0.7359375 0.5078125 0.0625 0.071875
1 0.80625 0.50625 0.06875 0.08125
1 0.8390625 0.49375 0.0625 0.09375
1 0.871875 0.44375 0.053125 0.05