1 0.353125 0.9140625 0.275 0.171875
6 0.828125 0.9578125 0.1375 0.084375
6 0.6375 0.9765625 0.14375 0.046875
6 0.846875 0.8765625 0.128125 0.19375
6 0.853125 0.66875 0.125 0.10625
6 0.609375 0.7515625 0.090625 0.1125
5 0.8484375 0.778125 0.13125 0.14375
2 0.53125 0.9453125 0.0875 0.109375
2 0.5625 0.8953125 0.109375 0.1125
2 0.596875 0.825 0.09375 0.084375
2 0.665625 0.95 0.125 0.1
2 0.678125 0.8890625 0.125 0.10625
2 0.7046875 0.8375 0.1 0.115625
2 0.7203125 0.728125 0.10625 0.09375
1 0.634375 0.64375 0.140625 0.14375
1 0.7140625 0.58125 0.128125 0.128125
1 0.846875 0.578125 0.10625 0.1125
1 0.775 0.5140625 0.0875 0.06875
1 0.8015625 0.4625 0.071875 0.059375
6 0.859375 0.4828125 0.05625 0.053125
1 0.9765625 0.5328125 0.046875 0.196875