6 0.6734375 0.9421875 0.153125 0.115625
1 0.428125 0.8984375 0.2375 0.203125
5 0.8328125 0.8765625 0.159375 0.246875
2 0.5796875 0.8984375 0.090625 0.128125
2 0.7015625 0.8296875 0.109375 0.1
6 0.625 0.76875 0.078125 0.11875
2 0.725 0.7546875 0.0625 0.065625
6 0.7515625 0.69375 0.071875 0.05625
1 0.8640625 0.66875 0.115625 0.234375
1 0.6609375 0.6546875 0.10625 0.178125
6 0.73125 0.596875 0.05 0.065625
6 0.8859375 0.5515625 0.04375 0.040625
1 0.7484375 0.53125 0.0625 0.078125
1 0.7796875 0.48125 0.059375 0.0625
1 0.846875 0.453125 0.046875 0.0625
2 0.84375 0.525 0.03125 0.046875
5 0.8890625 0.4953125 0.065625 0.090625
1 0.9890625 0.571875 0.021875 0.15625