6 0.6265625 0.890625 0.171875 0.21875
1 0.2390625 0.975 0.459375 0.05
1 0.4328125 0.834375 0.259375 0.28125
1 0.53125 0.696875 0.184375 0.15
3 0.5328125 0.9796875 0.078125 0.040625
2 0.8265625 0.978125 0.115625 0.04375
2 0.846875 0.934375 0.109375 0.11875
2 0.6734375 0.7515625 0.0625 0.05
6 0.8390625 0.8265625 0.0875 0.1375
6 0.8 0.8046875 0.071875 0.1375
5 0.75625 0.753125 0.09375 0.15
5 0.8609375 0.66875 0.1125 0.140625
3 0.9 0.765625 0.034375 0.11875
6 0.715625 0.65 0.059375 0.075
6 0.7796875 0.6390625 0.06875 0.075
2 0.809375 0.6078125 0.046875 0.05625
1 0.7265625 0.5734375 0.090625 0.1125
1 0.8796875 0.5484375 0.09375 0.121875
1 0.8734375 0.4578125 0.05625 0.046875
5 0.9203125 0.453125 0.034375 0.059375
6 0.8125 0.4890625 0.034375 0.05