2 0.0796875 0.93125 0.134375 0.1375
2 0.059375 0.8359375 0.090625 0.109375
5 0.44375 0.9375 0.325 0.125
3 0.215625 0.9109375 0.04375 0.14375
3 0.1390625 0.9734375 0.059375 0.053125
3 0.3140625 0.903125 0.053125 0.1125
3 0.153125 0.83125 0.04375 0.140625
3 0.2328125 0.828125 0.040625 0.140625
3 0.096875 0.8046875 0.0375 0.115625
2 0.378125 0.7984375 0.178125 0.1375
2 0.06875 0.6828125 0.06875 0.084375
3 0.0609375 0.6203125 0.03125 0.046875
5 0.0390625 0.5203125 0.065625 0.1125
1 0.028125 0.446875 0.05625 0.0625
1 0.1296875 0.428125 0.053125 0.05625
1 0.1 0.425 0.040625 0.053125
6 0.14375 0.509375 0.0625 0.0875