3 0.2046875 0.9265625 0.103125 0.146875
3 0.1453125 0.89375 0.115625 0.2125
3 0.271875 0.8953125 0.1 0.209375
2 0.603125 0.8984375 0.19375 0.203125
2 0.5 0.971875 0.29375 0.05625
2 0.775 0.81875 0.2125 0.184375
2 0.821875 0.690625 0.15625 0.20625
2 0.8015625 0.6078125 0.11875 0.125
2 0.815625 0.565625 0.13125 0.1375
2 0.8125 0.5109375 0.115625 0.08125
2 0.8609375 0.4234375 0.090625 0.10625
2 0.8375 0.3953125 0.053125 0.11875
2 0.8171875 0.3296875 0.053125 0.059375
2 0.8765625 0.315625 0.06875 0.078125
6 0.796875 0.4609375 0.090625 0.14375
6 0.7 0.490625 0.08125 0.171875
6 0.7546875 0.9015625 0.253125 0.196875
6 0.4140625 0.88125 0.221875 0.2375
1 0.5625 0.6515625 0.240625 0.41875
1 0.596875 0.521875 0.20625 0.209375
1 0.6390625 0.403125 0.15625 0.20625
1 0.7046875 0.38125 0.09375 0.15
1 0.7046875 0.325 0.078125 0.090625
1 0.775 0.29375 0.084375 0.075
2 0.765625 0.3390625 0.078125 0.071875
1 0.8390625 0.2734375 0.08125 0.1
1 0.8859375 0.275 0.08125 0.11875
2 0.978125 0.4796875 0.04375 0.165625
6 0.975 0.5796875 0.05 0.196875