2 0.5453125 0.9109375 0.115625 0.1125
2 0.6828125 0.921875 0.10625 0.109375
2 0.5890625 0.8421875 0.096875 0.1
2 0.6234375 0.7765625 0.0875 0.09375
2 0.696875 0.859375 0.109375 0.10625
2 0.715625 0.8046875 0.103125 0.0875
2 0.725 0.753125 0.090625 0.0625
2 0.771875 0.6734375 0.046875 0.090625
6 0.84375 0.9515625 0.1375 0.096875
6 0.6515625 0.9578125 0.140625 0.084375
1 0.20625 0.9984375 0.4 0.003125
1 0.35625 0.903125 0.3 0.19375
1 0.6921875 0.6015625 0.125 0.125
1 0.871875 0.55 0.09375 0.103125
1 0.8171875 0.5359375 0.09375 0.128125
1 0.8046875 0.459375 0.0625 0.04375
1 0.865625 0.44375 0.05625 0.0625
6 0.775 0.5125 0.03125 0.059375
6 0.884375 0.475 0.028125 0.040625
6 0.909375 0.4515625 0.04375 0.05
6 0.8484375 0.6546875 0.10625 0.11875
6 0.85 0.8546875 0.128125 0.1375
6 0.6390625 0.7046875 0.084375 0.084375
5 0.8515625 0.7453125 0.125 0.1
3 0.525 0.8203125 0.0375 0.084375
3 0.5859375 0.715625 0.021875 0.05625
3 0.703125 0.6640625 0.01875 0.04375
2 0.9828125 0.715625 0.034375 0.11875
1 0.978125 0.5421875 0.04375 0.140625