5 0.7359375 0.9359375 0.228125 0.128125
1 0.4875 0.8734375 0.25 0.253125
1 0.7125 0.8625 0.1875 0.275
2 0.84375 0.8703125 0.08125 0.14375
2 0.853125 0.8125 0.08125 0.1125
2 0.88125 0.7703125 0.075 0.096875
2 0.8796875 0.7171875 0.06875 0.078125
1 0.6109375 0.73125 0.153125 0.1125
1 0.6375 0.634375 0.128125 0.103125
6 0.715625 0.7015625 0.071875 0.06875
2 0.7796875 0.696875 0.05625 0.0625
2 0.740625 0.6375 0.059375 0.059375
2 0.75 0.609375 0.053125 0.053125
2 0.7640625 0.5875 0.046875 0.0625
2 0.8796875 0.7078125 0.06875 0.046875
2 0.834375 0.6078125 0.046875 0.059375
3 0.8 0.753125 0.028125 0.09375
3 0.8296875 0.690625 0.028125 0.078125
3 0.8125 0.6359375 0.021875 0.05625
6 0.878125 0.659375 0.065625 0.075
6 0.675 0.590625 0.065625 0.071875
6 0.8890625 0.5609375 0.05 0.046875
6 0.85625 0.540625 0.046875 0.0625
1 0.7984375 0.5234375 0.075 0.1
3 0.7453125 0.55 0.01875 0.046875
3 0.73125 0.5453125 0.01875 0.05
1 0.7875 0.465625 0.05625 0.03125
1 0.8171875 0.4515625 0.075 0.05625
1 0.9015625 0.4359375 0.059375 0.059375
6 0.85 0.4875 0.0375 0.0375
2 0.896875 0.5265625 0.034375 0.03125
2 0.9 0.509375 0.0375 0.028125
2 0.9109375 0.4984375 0.034375 0.03125
6 0.9765625 0.5125 0.046875 0.0875
6 0.996875 0.675 0.00625 0.09375