1 0.3609375 0.89375 0.434375 0.2125
1 0.5921875 0.8203125 0.2 0.321875
1 0.7796875 0.7015625 0.15625 0.16875
1 0.678125 0.66875 0.125 0.178125
1 0.7296875 0.5484375 0.10625 0.109375
2 0.8234375 0.99375 0.190625 0.0125
5 0.7875 0.878125 0.1875 0.24375
2 0.8796875 0.7265625 0.05625 0.109375
2 0.88125 0.6515625 0.065625 0.059375
2 0.821875 0.5375 0.040625 0.0375
6 0.875 0.5390625 0.04375 0.078125
3 0.903125 0.625 0.028125 0.05625
6 0.8171875 0.58125 0.075 0.0625
6 0.796875 0.4984375 0.046875 0.06875
1 0.9 0.428125 0.05 0.046875
2 0.896875 0.5140625 0.03125 0.04375
2 0.9203125 0.48125 0.034375 0.028125
2 0.9984375 0.4546875 0.003125 0.034375