3 0.9953125 0.353125 0.009375 0.05
2 0.9984375 0.890625 0.003125 0.21875
2 0.996875 0.425 0.00625 0.1125
6 0.9890625 0.31875 0.021875 0.075
2 0.9921875 0.2859375 0.015625 0.059375
1 0.9734375 0.421875 0.053125 0.2
1 0.7484375 0.78125 0.184375 0.4375
3 0.784375 0.5203125 0.0375 0.090625
2 0.78125 0.5703125 0.128125 0.10625
2 0.8296875 0.540625 0.103125 0.09375
2 0.84375 0.4875 0.078125 0.096875
6 0.765625 0.5015625 0.096875 0.153125
5 0.8 0.421875 0.096875 0.11875
2 0.8359375 0.3875 0.028125 0.096875
6 0.8203125 0.34375 0.08125 0.075
1 0.290625 0.8296875 0.3375 0.340625
1 0.4734375 0.721875 0.225 0.353125
1 0.503125 0.5328125 0.159375 0.228125
1 0.6484375 0.5375 0.146875 0.26875
1 0.66875 0.446875 0.15 0.228125
1 0.7234375 0.3625 0.09375 0.184375
1 0.725 0.3140625 0.0875 0.084375
1 0.771875 0.321875 0.053125 0.125
1 0.79375 0.29375 0.071875 0.1125
1 0.84375 0.271875 0.078125 0.13125
1 0.8984375 0.278125 0.053125 0.115625
1 0.9671875 0.2234375 0.065625 0.090625