6 0.36875 0.98125 0.2125 0.0375
5 0.1671875 0.7546875 0.153125 0.2375
2 0.1109375 0.959375 0.159375 0.08125
2 0.2453125 0.921875 0.159375 0.15625
2 0.046875 0.6 0.059375 0.084375
1 0.078125 0.4421875 0.078125 0.096875
1 0.0140625 0.425 0.028125 0.075
1 0.175 0.43125 0.046875 0.059375
6 0.1421875 0.5203125 0.06875 0.1125
2 0.0515625 0.78125 0.103125 0.11875
2 0.028125 0.7109375 0.05625 0.071875
2 0.33125 0.790625 0.1625 0.15625
3 0.0671875 0.671875 0.040625 0.1
3 0.05 0.55 0.021875 0.05625
3 0.25 0.7078125 0.053125 0.103125