6 0.28125 0.9890625 0.1375 0.021875
6 0.7 0.9609375 0.125 0.078125
6 0.84375 0.8890625 0.1125 0.221875
2 0.5390625 0.9640625 0.128125 0.071875
2 0.675 0.9046875 0.140625 0.115625
2 0.5109375 0.9 0.125 0.121875
2 0.8765625 0.740625 0.06875 0.078125
2 0.859375 0.7109375 0.0625 0.075
2 0.8484375 0.68125 0.065625 0.06875
2 0.7765625 0.784375 0.078125 0.09375
2 0.765625 0.725 0.06875 0.059375
2 0.7671875 0.6890625 0.065625 0.05625
6 0.7734375 0.64375 0.06875 0.065625
1 0.6484375 0.75 0.1125 0.2125
1 0.6609375 0.6421875 0.125 0.140625
1 0.703125 0.5859375 0.0875 0.13125
5 0.8609375 0.5828125 0.09375 0.140625
1 0.7921875 0.4921875 0.06875 0.06875
1 0.8671875 0.49375 0.075 0.053125