1 0.221875 0.5671875 0.171875 0.265625
1 0.103125 0.39375 0.071875 0.146875
1 0.1328125 0.2796875 0.04375 0.059375
1 0.0375 0.2390625 0.046875 0.03125
1 0.1140625 0.2375 0.034375 0.034375
6 0.2703125 0.984375 0.278125 0.03125
2 0.0234375 0.3421875 0.0375 0.075
2 0.0265625 0.2859375 0.034375 0.03125
6 0.096875 0.2890625 0.03125 0.046875
6 0.221875 0.409375 0.0875 0.103125
6 0.1859375 0.35 0.05625 0.065625
2 0.196875 0.275 0.015625 0.040625
2 0.175 0.271875 0.01875 0.05
2 0.2125 0.240625 0.025 0.03125
2 0.234375 0.24375 0.021875 0.034375
6 0.603125 0.6515625 0.203125 0.171875
3 0.5 0.5421875 0.05 0.046875
3 0.5625 0.571875 0.06875 0.040625
3 0.51875 0.9375 0.1125 0.125
3 0.171875 0.8796875 0.05625 0.240625
3 0.1390625 0.678125 0.046875 0.13125
3 0.115625 0.659375 0.025 0.1
3 0.0953125 0.5796875 0.028125 0.078125
3 0.165625 0.453125 0.021875 0.08125