2 0.728125 0.91875 0.1125 0.153125
2 0.8546875 0.9234375 0.115625 0.153125
2 0.8203125 0.83125 0.096875 0.128125
2 0.753125 0.765625 0.075 0.109375
2 0.8625 0.728125 0.084375 0.109375
2 0.8421875 0.69375 0.078125 0.09375
6 0.8 0.99375 0.1625 0.0125
3 0.428125 0.990625 0.075 0.01875
3 0.5625 0.83125 0.04375 0.115625
3 0.5421875 0.7875 0.04375 0.090625
1 0.4921875 0.79375 0.040625 0.1125
1 0.653125 0.7609375 0.125 0.2375
1 0.6328125 0.6890625 0.11875 0.1875
1 0.6859375 0.6171875 0.0875 0.121875
1 0.7375 0.5765625 0.078125 0.13125
1 0.7609375 0.5140625 0.05625 0.0875
1 0.809375 0.459375 0.065625 0.046875
1 0.853125 0.5203125 0.084375 0.06875
1 0.84375 0.51875 0.078125 0.1125
1 0.8921875 0.4390625 0.071875 0.0625
6 0.7421875 0.709375 0.08125 0.09375
5 0.8546875 0.60625 0.096875 0.16875
2 0.784375 0.6375 0.05 0.0625
6 0.9125 0.496875 0.059375 0.05
1 0.9875 0.5546875 0.025 0.140625
1 0.99375 0.7375 0.0125 0.3125