1 0.1640625 0.9875 0.328125 0.025
6 0.4203125 0.975 0.234375 0.05
6 0.7609375 0.9453125 0.128125 0.109375
6 0.6984375 0.8875 0.140625 0.225
1 0.425 0.878125 0.2 0.24375
5 0.834375 0.8609375 0.1625 0.278125
2 0.5671875 0.93125 0.103125 0.1375
2 0.5875 0.871875 0.09375 0.121875
2 0.7296875 0.7640625 0.0625 0.096875
2 0.7484375 0.640625 0.046875 0.053125
6 0.6203125 0.7671875 0.09375 0.134375
2 0.571875 0.7375 0.05625 0.06875
1 0.675 0.6453125 0.103125 0.178125
1 0.8578125 0.659375 0.13125 0.21875
6 0.7546875 0.684375 0.06875 0.08125
6 0.7453125 0.5828125 0.05625 0.08125
6 0.8140625 0.521875 0.04375 0.0375
6 0.8859375 0.5453125 0.046875 0.046875
5 0.8921875 0.4859375 0.071875 0.10625
1 0.7515625 0.521875 0.071875 0.084375
1 0.7796875 0.475 0.06875 0.04375
1 0.8 0.4625 0.04375 0.046875
1 0.8515625 0.4515625 0.053125 0.06875
2 0.84375 0.525 0.034375 0.053125
2 0.796875 0.56875 0.015625 0.0375
3 0.603125 0.6703125 0.034375 0.084375
1 0.9828125 0.4265625 0.034375 0.053125