6 0.1859375 0.89375 0.203125 0.2125
6 0.325 0.90625 0.09375 0.1875
2 0.0671875 0.8390625 0.078125 0.171875
2 0.2484375 0.7625 0.09375 0.11875
2 0.0984375 0.7140625 0.065625 0.084375
2 0.03125 0.75 0.0625 0.06875
6 0.165625 0.7671875 0.103125 0.09375
5 0.0984375 0.6296875 0.0875 0.146875
3 0.196875 0.69375 0.034375 0.078125
3 0.16875 0.659375 0.025 0.08125
6 0.1453125 0.515625 0.05625 0.1
5 0.059375 0.4625 0.040625 0.075
2 0.090625 0.4640625 0.03125 0.0375
1 0.128125 0.4234375 0.05 0.046875
1 0.1734375 0.43125 0.040625 0.053125
1 0.009375 0.41875 0.01875 0.04375