1 0.2265625 0.9640625 0.428125 0.071875
1 0.5015625 0.871875 0.234375 0.25625
1 0.7359375 0.8234375 0.196875 0.265625
1 0.6140625 0.7484375 0.15 0.18125
1 0.675 0.6109375 0.109375 0.10625
5 0.7359375 0.9296875 0.228125 0.140625
2 0.85625 0.8140625 0.06875 0.13125
2 0.859375 0.75 0.06875 0.075
2 0.88125 0.7125 0.0625 0.078125
2 0.875 0.659375 0.053125 0.06875
6 0.875 0.59375 0.059375 0.078125
3 0.83125 0.7 0.03125 0.05625
3 0.834375 0.6328125 0.021875 0.078125
2 0.7734375 0.6046875 0.05 0.04375
6 0.746875 0.6609375 0.078125 0.078125
2 0.8359375 0.5859375 0.03125 0.059375
2 0.840625 0.5515625 0.040625 0.03125
2 0.8390625 0.5328125 0.0375 0.021875
2 0.8484375 0.525 0.034375 0.028125
2 0.790625 0.5484375 0.040625 0.03125
2 0.8015625 0.5375 0.034375 0.04375
2 0.89375 0.521875 0.034375 0.040625
6 0.90625 0.5078125 0.0375 0.05
6 0.746875 0.5453125 0.05625 0.084375
1 0.85 0.4765625 0.0625 0.08125
6 0.9 0.4578125 0.0375 0.034375
1 0.978125 0.4203125 0.04375 0.053125
5 0.990625 0.6171875 0.01875 0.171875