1 0.428125 0.90625 0.30625 0.1875
1 0.6875 0.8796875 0.21875 0.240625
1 0.596875 0.771875 0.165625 0.2
1 0.621875 0.6375 0.121875 0.096875
2 0.8359375 0.884375 0.090625 0.134375
2 0.8453125 0.8125 0.084375 0.09375
2 0.8765625 0.7765625 0.071875 0.1125
2 0.8875 0.715625 0.08125 0.078125
2 0.775 0.684375 0.0625 0.034375
2 0.7203125 0.6625 0.0625 0.04375
2 0.73125 0.640625 0.05625 0.053125
2 0.7421875 0.6171875 0.05 0.05
2 0.8140625 0.625 0.046875 0.05
6 0.715625 0.721875 0.078125 0.096875
6 0.8359375 0.525 0.059375 0.05625
6 0.8765625 0.6578125 0.059375 0.071875
3 0.7953125 0.7734375 0.0375 0.10625
3 0.825 0.7125 0.034375 0.109375
6 0.846875 0.584375 0.046875 0.075
2 0.8921875 0.55 0.0375 0.040625
1 0.7515625 0.5546875 0.078125 0.10625
1 0.7546875 0.46875 0.0625 0.0375
1 0.7484375 0.4984375 0.065625 0.028125
1 0.8109375 0.459375 0.065625 0.059375
1 0.91875 0.4328125 0.034375 0.034375
2 0.9953125 0.7 0.009375 0.09375