1 0.55 0.9125 0.3 0.175
1 0.65 0.6828125 0.140625 0.159375
2 0.3875 0.9828125 0.0875 0.034375
3 0.3703125 0.928125 0.059375 0.14375
3 0.415625 0.890625 0.046875 0.13125
2 0.7140625 0.915625 0.08125 0.134375
5 0.6484375 0.778125 0.13125 0.159375
6 0.809375 0.815625 0.109375 0.19375
6 0.7953125 0.69375 0.078125 0.071875
6 0.884375 0.5640625 0.040625 0.0625
6 0.884375 0.53125 0.05 0.053125
6 0.8078125 0.571875 0.065625 0.109375
2 0.865625 0.6671875 0.05625 0.071875
2 0.8609375 0.628125 0.053125 0.046875
6 0.778125 0.6515625 0.0625 0.096875
3 0.7328125 0.6515625 0.028125 0.08125
3 0.8328125 0.6125 0.021875 0.05
1 0.7375 0.5453125 0.090625 0.125
1 0.7640625 0.4859375 0.046875 0.05625
1 0.8328125 0.4578125 0.05625 0.05625
1 0.8921875 0.4375 0.065625 0.0625
5 0.9 0.490625 0.053125 0.065625
1 0.9875 0.5046875 0.025 0.109375