3 0.9015625 0.984375 0.190625 0.03125
3 0.175 0.9796875 0.16875 0.040625
3 0.4484375 0.5359375 0.134375 0.1
3 0.015625 0.353125 0.03125 0.05
1 0.6390625 0.95625 0.715625 0.0875
6 0.4484375 0.8796875 0.328125 0.240625
2 0.10625 0.890625 0.2125 0.21875
2 0.01875 0.425 0.0375 0.1125
6 0.0109375 0.31875 0.021875 0.075
2 0.0265625 0.2859375 0.053125 0.059375
5 0.1046875 0.3546875 0.071875 0.1375
6 0.15625 0.4171875 0.096875 0.15
1 0.00625 0.421875 0.0125 0.2
1 0.1578125 0.234375 0.046875 0.1
1 0.0015625 0.2234375 0.003125 0.090625