2 0.1734375 0.9875 0.271875 0.025
2 0.0921875 0.846875 0.184375 0.30625
3 0.0046875 0.371875 0.009375 0.08125
3 0.00625 0.415625 0.0125 0.1
3 0.025 0.3921875 0.046875 0.08125
3 0.0859375 0.503125 0.059375 0.140625
3 0.0546875 0.5890625 0.04375 0.1375
3 0.128125 0.55625 0.053125 0.09375
3 0.14375 0.6734375 0.053125 0.140625
3 0.1671875 0.7171875 0.05625 0.134375
3 0.7640625 0.9609375 0.121875 0.078125
2 0.0890625 0.265625 0.059375 0.084375
2 0.0515625 0.6671875 0.103125 0.259375
6 0.034375 0.5484375 0.06875 0.234375
6 0.178125 0.440625 0.16875 0.16875
6 0.528125 0.6515625 0.20625 0.190625
5 0.115625 0.36875 0.115625 0.14375
1 0.01875 0.2546875 0.0375 0.121875
1 0.1421875 0.24375 0.071875 0.115625
1 0.1640625 0.234375 0.034375 0.078125
3 0.440625 0.5453125 0.15 0.11875