3 0.35625 0.9265625 0.15 0.146875
3 0.384375 0.8859375 0.125 0.228125
3 0.8875 0.996875 0.2125 0.00625
3 0.44375 0.5453125 0.140625 0.0625
6 0.1890625 0.9359375 0.334375 0.128125
6 0.55625 0.6328125 0.303125 0.16875
2 0.0515625 0.6671875 0.103125 0.271875
2 0.003125 0.465625 0.00625 0.125
2 0.1296875 0.246875 0.053125 0.09375
2 0.0234375 0.3359375 0.046875 0.053125
2 0.0625 0.3109375 0.06875 0.08125
2 0.0453125 0.4203125 0.090625 0.171875
2 0.128125 0.5046875 0.128125 0.265625
5 0.0109375 0.334375 0.021875 0.15625
5 0.1046875 0.3390625 0.078125 0.13125
6 0.15 0.4109375 0.078125 0.178125