6 0.440625 0.9953125 0.19375 0.009375
1 0.753125 0.884375 0.3625 0.23125
2 0.5109375 0.9640625 0.121875 0.071875
2 0.75625 0.7453125 0.078125 0.065625
2 0.8765625 0.7703125 0.065625 0.0625
2 0.8796875 0.715625 0.065625 0.0625
2 0.875 0.6484375 0.053125 0.059375
2 0.7546875 0.7421875 0.071875 0.06875
2 0.7890625 0.7109375 0.06875 0.096875
1 0.5515625 0.796875 0.184375 0.265625
6 0.7078125 0.66875 0.06875 0.125
6 0.8875 0.5765625 0.05 0.075
6 0.83125 0.603125 0.053125 0.084375
6 0.8078125 0.53125 0.04375 0.04375
3 0.6984375 0.5890625 0.01875 0.05
6 0.665625 0.5453125 0.040625 0.0625
2 0.7671875 0.6203125 0.046875 0.053125
1 0.7421875 0.5578125 0.0875 0.08125
1 0.75 0.496875 0.053125 0.05
1 0.7796875 0.478125 0.059375 0.065625
1 0.85 0.45 0.05 0.04375
5 0.88125 0.4953125 0.065625 0.09375
1 0.9078125 0.425 0.0625 0.03125
3 0.984375 0.5109375 0.0125 0.034375
6 0.996875 0.5265625 0.00625 0.065625