1 0.19375 0.9828125 0.3875 0.034375
2 0.853125 0.9484375 0.1125 0.103125
2 0.5515625 0.9984375 0.146875 0.003125
2 0.70625 0.9484375 0.1125 0.103125
2 0.5984375 0.8890625 0.09375 0.1
2 0.75 0.834375 0.08125 0.1125
2 0.6296875 0.8390625 0.0875 0.096875
2 0.659375 0.778125 0.071875 0.09375
6 0.7734375 0.753125 0.08125 0.1
6 0.865625 0.7640625 0.096875 0.0875
6 0.48125 0.9015625 0.13125 0.196875
6 0.884375 0.7046875 0.075 0.075
6 0.784375 0.6875 0.078125 0.103125
1 0.665625 0.678125 0.109375 0.190625
1 0.6796875 0.5796875 0.084375 0.059375
1 0.78125 0.59375 0.115625 0.15625
1 0.725 0.51875 0.084375 0.065625
1 0.7796875 0.4890625 0.046875 0.059375
1 0.85 0.4515625 0.05625 0.046875
1 0.9046875 0.434375 0.046875 0.05
2 0.871875 0.5796875 0.046875 0.046875
6 0.8421875 0.521875 0.03125 0.046875
6 0.8984375 0.503125 0.04375 0.040625
6 0.896875 0.54375 0.040625 0.053125
5 0.8875 0.465625 0.05 0.040625
6 0.9765625 0.4359375 0.046875 0.046875
6 0.978125 0.515625 0.04375 0.08125
2 0.996875 0.7578125 0.00625 0.078125
2 0.9890625 0.6859375 0.021875 0.096875