2 0.090625 0.70625 0.18125 0.5375
2 0.10625 0.3984375 0.2125 0.284375
2 0.0953125 0.2046875 0.171875 0.24375
2 0.1765625 0.1171875 0.11875 0.153125
2 0.2515625 0.265625 0.13125 0.290625
2 0.565625 0.0640625 0.10625 0.125
5 0.053125 0.8125 0.10625 0.375
6 0.65 0.38125 0.221875 0.403125
1 0.375 0.51875 0.384375 0.778125
3 0.403125 0.0953125 0.06875 0.178125
3 0.2046875 0.0484375 0.06875 0.096875
3 0.2375 0.04375 0.040625 0.0875
3 0.421875 0.05 0.05 0.1
3 0.6109375 0.078125 0.128125 0.090625
3 0.6296875 0.140625 0.1375 0.121875
3 0.6984375 0.20625 0.065625 0.121875