3 0.8921875 0.940625 0.215625 0.11875
3 0.328125 0.9578125 0.16875 0.084375
3 0.1421875 0.8671875 0.115625 0.265625
3 0.175 0.6578125 0.09375 0.184375
3 0.2 0.5640625 0.053125 0.09375
3 0.425 0.5421875 0.13125 0.103125
6 0.0109375 0.396875 0.021875 0.175
2 0.0296875 0.3078125 0.059375 0.065625
2 0.1 0.25625 0.0375 0.075
5 0.1078125 0.3609375 0.0875 0.190625
6 0.1046875 0.4734375 0.115625 0.228125
6 0.5265625 0.64375 0.228125 0.228125
1 0.13125 0.234375 0.071875 0.078125
1 0.125 0.246875 0.090625 0.09375