2 0.040625 0.4734375 0.0625 0.04375
6 0.109375 0.4625 0.0375 0.053125
6 0.1453125 0.51875 0.06875 0.11875
1 0.1625 0.4375 0.040625 0.053125
1 0.1796875 0.3984375 0.03125 0.05
1 0.1421875 0.4078125 0.025 0.025
3 0.078125 0.48125 0.015625 0.040625
3 0.0890625 0.596875 0.021875 0.04375
3 0.125 0.6875 0.03125 0.0875
3 0.1953125 0.6421875 0.021875 0.078125
1 0.034375 0.571875 0.06875 0.15625
2 0.0484375 0.7 0.0625 0.0875
3 0.078125 0.7203125 0.03125 0.040625
6 0.0640625 0.9015625 0.109375 0.196875
3 0.1453125 0.765625 0.025 0.084375
1 0.259375 0.8578125 0.21875 0.284375
2 0.4015625 0.7921875 0.0875 0.128125
3 0.50625 0.71875 0.05625 0.034375