3 0.6359375 0.903125 0.096875 0.19375
3 0.7359375 0.7453125 0.06875 0.203125
3 0.7859375 0.4578125 0.065625 0.13125
2 0.7359375 0.965625 0.315625 0.06875
2 0.7734375 0.859375 0.178125 0.228125
2 0.803125 0.70625 0.125 0.1875
2 0.796875 0.5421875 0.0875 0.14375
2 0.840625 0.4734375 0.071875 0.10625
2 0.9828125 0.28125 0.034375 0.05
2 0.8703125 0.3328125 0.0375 0.08125
6 0.78125 0.41875 0.1 0.14375
5 0.815625 0.378125 0.0875 0.125
6 0.84375 0.3421875 0.08125 0.090625
6 0.9765625 0.378125 0.046875 0.0875
1 0.96875 0.4765625 0.0625 0.259375
1 0.478125 0.70625 0.2625 0.3125
1 0.684375 0.575 0.184375 0.25
1 0.68125 0.465625 0.15 0.165625
1 0.6015625 0.4578125 0.153125 0.190625
1 0.4953125 0.5296875 0.190625 0.20625
1 0.6953125 0.3796875 0.146875 0.165625
1 0.7328125 0.3328125 0.1375 0.146875
1 0.8015625 0.2859375 0.115625 0.115625
1 0.865625 0.259375 0.071875 0.08125
1 0.9390625 0.2703125 0.065625 0.06875
1 0.9671875 0.2296875 0.065625 0.059375