2 0.71875 0.9828125 0.26875 0.034375
3 0.8609375 0.590625 0.05 0.140625
3 0.646875 0.5 0.06875 0.06875
3 0.4515625 0.709375 0.115625 0.159375
6 0.828125 0.7859375 0.171875 0.30625
1 0.6 0.778125 0.3375 0.44375
6 0.70625 0.5765625 0.15625 0.253125
1 0.7328125 0.478125 0.175 0.203125
2 0.9328125 0.525 0.109375 0.178125
2 0.928125 0.3859375 0.071875 0.10625
5 0.9328125 0.340625 0.078125 0.0875
1 0.8140625 0.421875 0.1375 0.203125
1 0.7484375 0.35625 0.13125 0.140625
1 0.875 0.3359375 0.0875 0.153125
1 0.8890625 0.2828125 0.103125 0.06875