2 0.6484375 0.9609375 0.109375 0.078125
2 0.5125 0.946875 0.1375 0.10625
2 0.559375 0.875 0.109375 0.128125
2 0.665625 0.9 0.115625 0.1
2 0.7015625 0.8484375 0.1 0.11875
2 0.7078125 0.790625 0.0875 0.075
2 0.715625 0.734375 0.09375 0.075
6 0.7765625 0.9609375 0.159375 0.078125
6 0.834375 0.7125 0.13125 0.13125
5 0.8328125 0.88125 0.146875 0.221875
5 0.759375 0.5703125 0.0625 0.071875
1 0.6203125 0.65 0.125 0.128125
1 0.6890625 0.596875 0.08125 0.153125
1 0.84375 0.5890625 0.096875 0.128125
1 0.75625 0.515625 0.08125 0.05625
3 0.6703125 0.7125 0.021875 0.0625
1 0.7703125 0.475 0.071875 0.05
1 0.8375 0.45 0.059375 0.0375
1 0.91875 0.428125 0.046875 0.05625
6 0.84375 0.4890625 0.05625 0.04375
1 0.9859375 0.465625 0.028125 0.0625
3 0.3421875 0.95 0.053125 0.1
3 0.390625 0.8625 0.0375 0.115625