2 0.5296875 0.95625 0.084375 0.0875
2 0.55 0.9078125 0.1125 0.125
6 0.8453125 0.884375 0.125 0.1875
6 0.8484375 0.7609375 0.125 0.109375
6 0.85 0.6734375 0.1375 0.121875
6 0.6 0.7609375 0.096875 0.11875
6 0.640625 0.9796875 0.15 0.040625
6 0.8296875 0.9609375 0.140625 0.078125
2 0.584375 0.840625 0.103125 0.11875
2 0.6734375 0.8875 0.103125 0.090625
2 0.659375 0.95 0.109375 0.075
2 0.703125 0.840625 0.103125 0.096875
2 0.7125 0.7765625 0.09375 0.0625
2 0.7203125 0.73125 0.09375 0.078125
1 0.3515625 0.90625 0.284375 0.1875
1 0.6234375 0.65625 0.13125 0.159375
1 0.7078125 0.58125 0.121875 0.128125
1 0.840625 0.5765625 0.103125 0.10625
1 0.7625 0.521875 0.08125 0.071875
1 0.78125 0.4859375 0.071875 0.075
6 0.8390625 0.515625 0.040625 0.03125
6 0.8453125 0.4890625 0.059375 0.0625
1 0.928125 0.434375 0.046875 0.0625
3 0.684375 0.6921875 0.028125 0.053125
6 0.90625 0.4890625 0.04375 0.05
1 0.9921875 0.4109375 0.015625 0.059375
1 0.9765625 0.521875 0.046875 0.16875