6 0.6328125 0.9828125 0.165625 0.034375
2 0.825 0.9765625 0.10625 0.046875
2 0.8421875 0.925 0.10625 0.109375
1 0.2359375 0.9765625 0.453125 0.046875
1 0.428125 0.8421875 0.2625 0.315625
3 0.5265625 0.965625 0.046875 0.06875
6 0.6265625 0.8921875 0.171875 0.215625
6 0.840625 0.81875 0.090625 0.125
6 0.8015625 0.80625 0.075 0.153125
6 0.7578125 0.746875 0.08125 0.15625
1 0.5609375 0.684375 0.1625 0.16875
6 0.73125 0.6140625 0.059375 0.078125
5 0.8640625 0.6703125 0.09375 0.1625
3 0.8546875 0.7296875 0.05 0.078125
2 0.7890625 0.6484375 0.059375 0.046875
6 0.7953125 0.6 0.053125 0.06875
2 0.6890625 0.73125 0.05625 0.05
1 0.7546875 0.5359375 0.06875 0.10625
1 0.8828125 0.5359375 0.075 0.140625
6 0.9890625 0.490625 0.021875 0.05625