2 0.275 0.43125 0.21875 0.390625
2 0.1171875 0.2421875 0.146875 0.184375
2 0.221875 0.1640625 0.153125 0.19375
2 0.225 0.0640625 0.125 0.109375
2 0.246875 0.9796875 0.45625 0.040625
2 0.0046875 0.084375 0.009375 0.16875
1 0.103125 0.5890625 0.20625 0.821875
5 0.1859375 0.0453125 0.125 0.090625
6 0.65 0.3671875 0.196875 0.346875
2 0.5765625 0.046875 0.146875 0.09375
3 0.559375 0.9546875 0.20625 0.090625
3 0.7015625 0.2015625 0.08125 0.125
3 0.659375 0.1703125 0.134375 0.0875
3 0.65 0.1265625 0.153125 0.10625
3 0.6109375 0.0828125 0.1375 0.0875