2 0.690625 0.9875 0.15 0.025
2 0.571875 0.940625 0.10625 0.11875
2 0.5984375 0.9046875 0.096875 0.125
2 0.725 0.9140625 0.109375 0.13125
2 0.6515625 0.8046875 0.065625 0.084375
6 0.859375 0.853125 0.090625 0.153125
6 0.7515625 0.8171875 0.09375 0.115625
3 0.7484375 0.828125 0.0375 0.071875
3 0.5453125 0.821875 0.053125 0.071875
3 0.5953125 0.7171875 0.021875 0.096875
3 0.5765625 0.7046875 0.03125 0.090625
6 0.765625 0.73125 0.103125 0.109375
6 0.8796875 0.7390625 0.084375 0.096875
1 0.6578125 0.68125 0.103125 0.171875
1 0.7734375 0.6109375 0.1125 0.16875
1 0.66875 0.5796875 0.09375 0.053125
1 0.7296875 0.521875 0.09375 0.075
1 0.778125 0.4890625 0.04375 0.05
1 0.840625 0.45 0.059375 0.046875
1 0.8921875 0.434375 0.05 0.04375
2 0.8546875 0.5859375 0.05625 0.059375
6 0.9015625 0.5484375 0.046875 0.046875
6 0.8953125 0.5125 0.046875 0.034375
6 0.8375 0.525 0.040625 0.03125
5 0.8796875 0.4703125 0.05 0.040625
1 0.9734375 0.4265625 0.053125 0.065625
2 0.990625 0.7078125 0.01875 0.084375