1 0.0375 0.409375 0.05 0.046875
1 0.059375 0.38125 0.0375 0.053125
1 0.196875 0.384375 0.040625 0.05
1 0.1796875 0.4375 0.04375 0.0625
1 0.1515625 0.4328125 0.034375 0.053125
1 0.1140625 0.44375 0.05 0.05625
1 0.1765625 0.403125 0.034375 0.028125
1 0.1515625 0.4015625 0.03125 0.0375
6 0.115625 0.4078125 0.0375 0.034375
6 0.059375 0.471875 0.0375 0.0625
6 0.1453125 0.5234375 0.071875 0.103125
1 0.03125 0.5546875 0.0625 0.140625
1 0.0734375 0.7375 0.146875 0.3125
3 0.1890625 0.7765625 0.03125 0.11875
3 0.2296875 0.828125 0.0375 0.053125
3 0.2671875 0.8453125 0.0375 0.0625
2 0.415625 0.8296875 0.13125 0.1625
2 0.1484375 0.9375 0.134375 0.125
2 0.1125 0.9859375 0.14375 0.028125
6 0.7703125 0.9890625 0.196875 0.021875
3 0.684375 0.8328125 0.09375 0.11875
3 0.5078125 0.7203125 0.059375 0.04375