3 0.303125 0.9828125 0.0625 0.034375
3 0.3671875 0.959375 0.071875 0.08125
3 0.1640625 0.771875 0.040625 0.171875
1 0.0125 0.4265625 0.025 0.053125
6 0.05 0.459375 0.053125 0.053125
6 0.0796875 0.4875 0.0375 0.08125
6 0.146875 0.5234375 0.06875 0.09375
1 0.2046875 0.40625 0.021875 0.0625
1 0.178125 0.403125 0.0375 0.059375
1 0.15625 0.4359375 0.059375 0.053125
1 0.1203125 0.4359375 0.03125 0.05625
1 0.140625 0.40625 0.034375 0.025
2 0.10625 0.4765625 0.025 0.034375
2 0.11875 0.4640625 0.025 0.025
2 0.08125 0.4421875 0.01875 0.015625
3 0.059375 0.5296875 0.01875 0.05625
1 0.06875 0.7 0.13125 0.259375
2 0.1296875 0.934375 0.134375 0.13125
2 0.39375 0.809375 0.115625 0.159375
3 0.1953125 0.6484375 0.025 0.090625
3 0.5 0.7171875 0.053125 0.040625