6 0.7859375 0.7578125 0.296875 0.484375
6 0.8015625 0.346875 0.203125 0.39375
2 0.4390625 0.740625 0.30625 0.4375
3 0.046875 0.8625 0.09375 0.275
3 0.1609375 0.821875 0.146875 0.30625
3 0.2234375 0.6515625 0.125 0.284375
1 0.19375 0.296875 0.3875 0.59375
2 0.5421875 0.2453125 0.175 0.228125
2 0.7875 0.11875 0.159375 0.134375
2 0.4203125 0.128125 0.090625 0.18125
2 0.853125 0.0328125 0.1125 0.065625
2 0.5515625 0.065625 0.146875 0.13125
2 0.70625 0.028125 0.1125 0.05625
6 0.48125 0.0078125 0.13125 0.015625