1 0.3171875 0.8734375 0.340625 0.253125
6 0.5734375 0.9421875 0.215625 0.115625
6 0.8140625 0.925 0.103125 0.15
6 0.775 0.8890625 0.10625 0.165625
6 0.7203125 0.8078125 0.109375 0.153125
5 0.8453125 0.734375 0.125 0.2
3 0.890625 0.915625 0.040625 0.165625
1 0.4765625 0.7625 0.18125 0.221875
2 0.625 0.8140625 0.08125 0.075
2 0.6171875 0.7578125 0.071875 0.0625
1 0.7171875 0.58125 0.090625 0.109375
1 0.86875 0.58125 0.090625 0.153125
1 0.76875 0.5109375 0.065625 0.071875
1 0.9015625 0.471875 0.05625 0.084375
1 0.996875 0.459375 0.00625 0.075