1 0.4984375 0.96875 0.621875 0.0625
2 0.121875 0.990625 0.1375 0.01875
1 0.184375 0.4 0.025 0.053125
1 0.1640625 0.4265625 0.03125 0.0625
1 0.1328125 0.4328125 0.040625 0.059375
1 0.0109375 0.54375 0.021875 0.15
1 0.065625 0.4859375 0.053125 0.0875
6 0.0125 0.4421875 0.025 0.053125
6 0.1453125 0.509375 0.071875 0.08125
6 0.19375 0.5828125 0.0625 0.103125
3 0.0984375 0.6421875 0.025 0.0875
3 0.1578125 0.7015625 0.0375 0.075
2 0.0640625 0.6734375 0.05625 0.078125
2 0.1046875 0.7390625 0.065625 0.0875
6 0.0640625 0.7953125 0.09375 0.1875
3 0.171875 0.8328125 0.040625 0.115625
6 0.4734375 0.821875 0.209375 0.16875