2 0.478125 0.96875 0.15 0.0625
2 0.640625 0.953125 0.125 0.09375
2 0.69375 0.8765625 0.090625 0.125
2 0.6953125 0.7875 0.10625 0.075
3 0.3921875 0.9546875 0.053125 0.090625
3 0.6265625 0.8421875 0.03125 0.121875
5 0.81875 0.9125 0.16875 0.175
6 0.83125 0.76875 0.1375 0.171875
2 0.715625 0.7375 0.09375 0.075
1 0.6203125 0.665625 0.125 0.171875
1 0.6859375 0.603125 0.103125 0.15
1 0.83125 0.6140625 0.090625 0.159375
1 0.75625 0.521875 0.078125 0.0625
1 0.771875 0.4796875 0.075 0.071875
1 0.8984375 0.4359375 0.065625 0.065625
1 0.8359375 0.453125 0.05625 0.040625
6 0.8453125 0.4890625 0.046875 0.053125