3 0.2921875 0.35 0.10625 0.221875
3 0.359375 0.175 0.103125 0.225
3 0.765625 0.284375 0.0875 0.190625
3 0.678125 0.19375 0.096875 0.159375
3 0.6375 0.1359375 0.140625 0.1
3 0.6203125 0.0921875 0.146875 0.096875
2 0.5578125 0.0515625 0.128125 0.103125
2 0.3046875 0.25 0.159375 0.215625
2 0.2546875 0.1296875 0.11875 0.153125
5 0.1421875 0.8765625 0.284375 0.246875
6 0.14375 0.0984375 0.146875 0.171875
1 0.3328125 0.0640625 0.13125 0.125
1 0.128125 0.490625 0.25625 0.825
6 0.1828125 0.0453125 0.128125 0.090625
6 0.6515625 0.3890625 0.246875 0.490625