6 0.03125 0.0578125 0.0625 0.115625
6 0.6734375 0.3734375 0.221875 0.428125
5 0.1171875 0.371875 0.234375 0.4875
2 0.0375 0.840625 0.075 0.31875
2 0.225 0.778125 0.30625 0.44375
6 0.3984375 0.4953125 0.253125 0.55
2 0.153125 0.1921875 0.134375 0.2375
2 0.1859375 0.09375 0.1 0.140625
2 0.1765625 0.028125 0.103125 0.05625
2 0.240625 0.0234375 0.05625 0.046875
2 0.571875 0.0515625 0.1 0.103125
2 0.5109375 0.0546875 0.0625 0.109375
1 0.3140625 0.196875 0.203125 0.39375
3 0.59375 0.096875 0.121875 0.0875
3 0.646875 0.1296875 0.171875 0.134375
3 0.684375 0.1890625 0.1 0.125