1 0.246875 0.9890625 0.48125 0.021875
2 0.840625 0.9640625 0.13125 0.071875
2 0.6578125 0.953125 0.121875 0.09375
3 0.8875 0.9859375 0.06875 0.028125
1 0.4765625 0.8484375 0.240625 0.2875
6 0.8546875 0.88125 0.115625 0.1875
2 0.6953125 0.8171875 0.090625 0.1125
2 0.7515625 0.7625 0.071875 0.096875
2 0.8484375 0.7640625 0.08125 0.05625
2 0.6765625 0.7390625 0.078125 0.090625
2 0.7703125 0.715625 0.075 0.0625
2 0.609375 0.85 0.05 0.128125
6 0.5984375 0.7078125 0.09375 0.1625
6 0.8828125 0.68125 0.075 0.103125
2 0.809375 0.628125 0.059375 0.0625
2 0.8109375 0.675 0.053125 0.075
2 0.890625 0.5671875 0.046875 0.046875
6 0.8140625 0.58125 0.06875 0.078125
1 0.7265625 0.5921875 0.0875 0.14375
1 0.771875 0.5109375 0.0875 0.090625
1 0.7890625 0.4609375 0.065625 0.04375
1 0.8515625 0.4515625 0.053125 0.04375
6 0.8921875 0.515625 0.05 0.040625
2 0.8984375 0.5390625 0.034375 0.01875
2 0.84375 0.5125 0.028125 0.028125
6 0.903125 0.484375 0.040625 0.03125
1 0.8890625 0.4453125 0.034375 0.046875
5 0.984375 0.4359375 0.03125 0.046875
1 0.9875 0.4609375 0.025 0.071875