2 0.6125 0.95625 0.125 0.0875
2 0.5703125 0.928125 0.115625 0.14375
2 0.5921875 0.84375 0.090625 0.128125
2 0.7390625 0.740625 0.065625 0.09375
2 0.5921875 0.7078125 0.046875 0.053125
6 0.8015625 0.9578125 0.134375 0.084375
6 0.75 0.921875 0.1 0.15625
6 0.696875 0.8609375 0.125 0.215625
5 0.834375 0.8015625 0.13125 0.240625
3 0.88125 0.93125 0.05625 0.1375
6 0.6578125 0.709375 0.090625 0.109375
6 0.4234375 0.9578125 0.203125 0.084375
1 0.1796875 0.9765625 0.359375 0.046875
1 0.4234375 0.8359375 0.165625 0.20625
1 0.6859375 0.621875 0.109375 0.14375
6 0.75625 0.6796875 0.06875 0.06875
1 0.8609375 0.6296875 0.1125 0.190625
5 0.890625 0.48125 0.06875 0.090625
6 0.746875 0.5796875 0.046875 0.078125
1 0.753125 0.5171875 0.065625 0.08125
1 0.7796875 0.471875 0.06875 0.05
1 0.803125 0.4609375 0.046875 0.053125
1 0.8640625 0.453125 0.05625 0.05
6 0.8140625 0.5234375 0.04375 0.034375
2 0.8453125 0.51875 0.034375 0.040625
2 0.796875 0.6390625 0.021875 0.06875