6 0.7015625 0.971875 0.146875 0.05625
2 0.5203125 0.9875 0.153125 0.025
6 0.8390625 0.9140625 0.153125 0.171875
2 0.50625 0.921875 0.134375 0.146875
2 0.65 0.934375 0.1125 0.13125
2 0.7421875 0.884375 0.10625 0.14375
2 0.8671875 0.8296875 0.090625 0.134375
2 0.784375 0.7828125 0.09375 0.103125
2 0.7515625 0.753125 0.075 0.0875
1 0.653125 0.765625 0.128125 0.24375
3 0.4640625 0.80625 0.04375 0.1
3 0.49375 0.765625 0.040625 0.08125
3 0.5375 0.7703125 0.040625 0.05
3 0.5703125 0.7078125 0.03125 0.0875
1 0.63125 0.6828125 0.115625 0.171875
1 0.684375 0.609375 0.08125 0.121875
1 0.7453125 0.565625 0.09375 0.121875
6 0.74375 0.7109375 0.078125 0.109375
2 0.7734375 0.6546875 0.059375 0.078125
2 0.8609375 0.7234375 0.084375 0.09375
2 0.846875 0.6953125 0.08125 0.078125
5 0.85625 0.59375 0.109375 0.178125
1 0.821875 0.4953125 0.0625 0.115625
1 0.759375 0.4921875 0.05625 0.05
1 0.853125 0.4453125 0.065625 0.04375
3 0.9140625 0.496875 0.0125 0.034375
3 0.903125 0.490625 0.0125 0.03125
3 0.9140625 0.534375 0.0125 0.0375
2 0.896875 0.525 0.01875 0.040625
1 0.8546875 0.5171875 0.071875 0.05625
1 0.9875 0.4046875 0.025 0.046875
1 0.984375 0.48125 0.03125 0.08125
6 0.9921875 0.53125 0.015625 0.0625