2 0.8328125 0.9890625 0.134375 0.021875
6 0.5734375 0.9421875 0.215625 0.115625
6 0.8234375 0.909375 0.103125 0.175
6 0.7984375 0.8078125 0.0875 0.1
6 0.74375 0.775 0.109375 0.171875
3 0.240625 0.99375 0.05625 0.0125
1 0.4171875 0.853125 0.296875 0.29375
1 0.525 0.7109375 0.19375 0.165625
3 0.6515625 0.8671875 0.028125 0.046875
3 0.6 0.825 0.0375 0.0625
2 0.6328125 0.7890625 0.078125 0.05
2 0.6671875 0.7609375 0.0625 0.053125
5 0.8578125 0.675 0.115625 0.13125
3 0.846875 0.775 0.025 0.090625
3 0.8984375 0.7703125 0.034375 0.10625
6 0.76875 0.6421875 0.059375 0.071875
2 0.8125 0.61875 0.034375 0.040625
2 0.7796875 0.6 0.0375 0.028125
1 0.8765625 0.55625 0.090625 0.11875
1 0.7125 0.575 0.090625 0.09375
1 0.76875 0.509375 0.0625 0.078125
1 0.821875 0.465625 0.059375 0.0625
5 0.8984375 0.4734375 0.059375 0.065625