6 0.2625 0.9421875 0.1625 0.115625
3 0.1265625 0.85 0.053125 0.15
6 0.5671875 0.8125 0.196875 0.165625
1 0.184375 0.721875 0.134375 0.246875
2 0.0421875 0.778125 0.084375 0.1125
6 0.09375 0.63125 0.053125 0.090625
6 0.14375 0.50625 0.059375 0.075
6 0.1921875 0.575 0.06875 0.08125
2 0.0640625 0.5703125 0.046875 0.046875
1 0.0609375 0.509375 0.04375 0.084375
1 0.08125 0.475 0.04375 0.078125
1 0.0671875 0.4375 0.04375 0.034375
6 0.0125 0.546875 0.025 0.1
1 0.0078125 0.4140625 0.015625 0.040625
6 0.1234375 0.4484375 0.025 0.040625
2 0.140625 0.428125 0.015625 0.021875
1 0.1796875 0.403125 0.0375 0.04375