3 0.2328125 0.9984375 0.071875 0.003125
1 0.496875 0.9421875 0.34375 0.115625
1 0.6515625 0.85 0.171875 0.3
1 0.39375 0.8796875 0.25 0.240625
1 0.9953125 0.55625 0.009375 0.14375
1 0.709375 0.5875 0.1 0.1125
3 0.540625 0.7875 0.040625 0.1125
6 0.8 0.8296875 0.096875 0.165625
6 0.825 0.6921875 0.0875 0.140625
6 0.803125 0.5828125 0.053125 0.05625
5 0.7140625 0.6734375 0.096875 0.125
1 0.7640625 0.5125 0.06875 0.096875
6 0.8265625 0.51875 0.053125 0.071875
1 0.834375 0.453125 0.053125 0.046875
1 0.896875 0.434375 0.065625 0.05625
6 0.878125 0.534375 0.0375 0.05625
6 0.896875 0.5109375 0.04375 0.05625
5 0.9109375 0.478125 0.05 0.05