1 0.0171875 0.4109375 0.034375 0.059375
5 0.09375 0.4 0.04375 0.04375
1 0.15625 0.3765625 0.021875 0.028125
1 0.1296875 0.428125 0.040625 0.059375
1 0.1765625 0.4078125 0.034375 0.05
1 0.2015625 0.3859375 0.028125 0.03125
1 0.065625 0.4484375 0.059375 0.05625
1 0.0125 0.521875 0.025 0.16875
1 0.0828125 0.625 0.1 0.3
6 0.15 0.5125 0.05 0.0875
6 0.19375 0.58125 0.06875 0.096875
6 0.1125 0.9265625 0.15 0.146875
3 0.4640625 0.7234375 0.040625 0.06875
3 0.496875 0.7359375 0.065625 0.06875
3 0.43125 0.8109375 0.05625 0.128125