1 0.5578125 0.90625 0.203125 0.1875
3 0.5828125 0.753125 0.040625 0.096875
2 0.75625 0.7703125 0.075 0.1
2 0.8625 0.7296875 0.06875 0.096875
2 0.8390625 0.6984375 0.06875 0.0875
2 0.771875 0.6625 0.059375 0.078125
2 0.7875 0.6375 0.046875 0.05625
1 0.6796875 0.6359375 0.0875 0.15625
1 0.7359375 0.5765625 0.078125 0.125
6 0.7390625 0.715625 0.078125 0.096875
5 0.859375 0.5953125 0.090625 0.15
1 0.759375 0.5109375 0.05625 0.06875
1 0.85625 0.5125 0.078125 0.04375
1 0.803125 0.4640625 0.05625 0.04375
6 0.903125 0.496875 0.040625 0.046875
1 0.9890625 0.55625 0.021875 0.1375
5 0.9890625 0.7453125 0.021875 0.128125