6 0.975 0.5234375 0.0375 0.034375
2 0.9859375 0.490625 0.028125 0.0375
1 0.8953125 0.4375 0.065625 0.059375
6 0.9 0.4953125 0.040625 0.046875
6 0.8390625 0.4984375 0.05625 0.053125
1 0.8375 0.4546875 0.05625 0.040625
1 0.7734375 0.490625 0.071875 0.0625
1 0.828125 0.6390625 0.096875 0.165625
6 0.8328125 0.5375 0.05 0.034375
3 0.88125 0.5578125 0.01875 0.04375
2 0.884375 0.5359375 0.034375 0.03125
5 0.759375 0.56875 0.05625 0.059375
2 0.7609375 0.6453125 0.03125 0.0625
1 0.6890625 0.60625 0.109375 0.153125
2 0.7328125 0.7796875 0.065625 0.10625
2 0.790625 0.871875 0.1 0.05625
6 0.8109375 0.7984375 0.090625 0.134375
2 0.6265625 0.865625 0.128125 0.109375
3 0.5703125 0.8140625 0.04375 0.09375
1 0.609375 0.684375 0.121875 0.196875
2 0.6046875 0.95625 0.109375 0.0875
6 0.7734375 0.940625 0.234375 0.11875
3 0.3921875 0.8734375 0.04375 0.1375