1 0.35 0.94375 0.325 0.1125
1 0.659375 0.934375 0.26875 0.13125
1 0.5921875 0.8375 0.178125 0.271875
1 0.6234375 0.646875 0.125 0.103125
2 0.83125 0.95 0.09375 0.1
2 0.8359375 0.88125 0.0875 0.103125
2 0.86875 0.821875 0.071875 0.10625
2 0.8765625 0.73125 0.06875 0.0875
6 0.703125 0.7640625 0.059375 0.140625
3 0.74375 0.828125 0.0375 0.065625
3 0.8140625 0.76875 0.03125 0.10625
6 0.878125 0.6703125 0.065625 0.075
2 0.7703125 0.7046875 0.06875 0.04375
2 0.7140625 0.703125 0.046875 0.065625
2 0.7421875 0.628125 0.05625 0.040625
2 0.8140625 0.6328125 0.053125 0.059375
6 0.8515625 0.58125 0.053125 0.059375
6 0.834375 0.53125 0.05 0.046875
1 0.7453125 0.5625 0.0875 0.115625
1 0.75625 0.48125 0.05625 0.05
1 0.803125 0.475 0.059375 0.06875
6 0.84375 0.4796875 0.0375 0.046875
1 0.9875 0.60625 0.025 0.1875
6 0.9828125 0.4765625 0.034375 0.078125