5 0.9859375 0.6875 0.028125 0.15625
1 0.9921875 0.5265625 0.015625 0.128125
6 0.9015625 0.4984375 0.04375 0.0375
1 0.8359375 0.4921875 0.065625 0.04375
1 0.8546875 0.5171875 0.08125 0.046875
1 0.8515625 0.45 0.040625 0.0375
1 0.803125 0.4625 0.059375 0.0375
1 0.759375 0.5171875 0.059375 0.08125
1 0.7375 0.58125 0.071875 0.125
1 0.6796875 0.6421875 0.084375 0.16875
2 0.7875 0.6421875 0.053125 0.059375
2 0.7671875 0.6765625 0.053125 0.065625
2 0.8328125 0.696875 0.059375 0.071875
2 0.8625 0.74375 0.075 0.10625
2 0.7578125 0.784375 0.08125 0.103125
5 0.8578125 0.6 0.1 0.140625
6 0.7359375 0.7265625 0.084375 0.096875
3 0.6015625 0.6765625 0.03125 0.08125