1 0.065625 0.3984375 0.025 0.03125
1 0.0640625 0.3734375 0.028125 0.025
1 0.184375 0.384375 0.028125 0.034375
1 0.1953125 0.421875 0.028125 0.05
1 0.1765625 0.4359375 0.040625 0.05625
1 0.1546875 0.41875 0.046875 0.040625
5 0.103125 0.421875 0.0375 0.05
6 0.1453125 0.525 0.0625 0.1125
1 0.0640625 0.4625 0.053125 0.078125
2 0.0265625 0.7 0.053125 0.125
3 0.115625 0.7796875 0.040625 0.125
3 0.26875 0.9328125 0.05625 0.134375
3 0.5046875 0.7234375 0.0625 0.04375
2 0.4015625 0.8125 0.103125 0.146875