6 0.7609375 0.95625 0.146875 0.0875
6 0.86875 0.8484375 0.1125 0.16875
1 0.615625 0.825 0.2375 0.35
5 0.8421875 0.7171875 0.121875 0.203125
1 0.659375 0.6328125 0.11875 0.1
1 0.8203125 0.621875 0.1 0.16875
1 0.7421875 0.60625 0.1 0.175
1 0.7921875 0.5015625 0.078125 0.0875
6 0.8578125 0.509375 0.04375 0.05625
6 0.8296875 0.459375 0.040625 0.059375
2 0.9015625 0.60625 0.046875 0.075
2 0.903125 0.559375 0.0375 0.03125
2 0.9171875 0.5296875 0.040625 0.040625
2 0.903125 0.5078125 0.0375 0.046875
6 0.9109375 0.46875 0.040625 0.034375