3 0.2265625 0.93125 0.053125 0.1375
1 0.178125 0.4078125 0.034375 0.040625
1 0.084375 0.4515625 0.065625 0.0625
1 0.040625 0.5140625 0.05625 0.10625
1 0.034375 0.4375 0.0625 0.046875
1 0.0890625 0.390625 0.034375 0.028125
6 0.1453125 0.5203125 0.05625 0.1
6 0.19375 0.58125 0.0625 0.09375
6 0.08125 0.5203125 0.0375 0.065625
2 0.1421875 0.434375 0.021875 0.021875
2 0.071875 0.6359375 0.059375 0.08125
6 0.003125 0.515625 0.00625 0.08125
3 0.0796875 0.5765625 0.01875 0.034375
3 0.1640625 0.653125 0.025 0.0875
2 0.0359375 0.7578125 0.071875 0.078125
2 0.0234375 0.6859375 0.046875 0.096875
2 0.0984375 0.946875 0.121875 0.10625
3 0.4671875 0.728125 0.040625 0.06875