2 0.5359375 0.965625 0.128125 0.06875
2 0.6703125 0.909375 0.13125 0.1125
2 0.7734375 0.8359375 0.071875 0.096875
6 0.6890625 0.975 0.128125 0.05
6 0.8453125 0.903125 0.109375 0.19375
2 0.5109375 0.89375 0.125 0.1125
2 0.5296875 0.8125 0.06875 0.065625
2 0.7828125 0.7625 0.090625 0.05
2 0.871875 0.7609375 0.08125 0.1125
2 0.75 0.7515625 0.065625 0.09375
2 0.8578125 0.7171875 0.06875 0.084375
2 0.84375 0.6875 0.078125 0.078125
1 0.65 0.7265625 0.121875 0.159375
1 0.6421875 0.659375 0.121875 0.14375
1 0.6859375 0.6015625 0.08125 0.140625
1 0.7953125 0.540625 0.059375 0.10625
1 0.7609375 0.503125 0.065625 0.08125
6 0.7484375 0.6859375 0.075 0.08125
3 0.7453125 0.59375 0.028125 0.06875
5 0.8578125 0.59375 0.09375 0.146875
1 0.8546875 0.5109375 0.071875 0.053125
3 0.896875 0.515625 0.0125 0.05
1 0.8171875 0.459375 0.05625 0.0625
1 0.8625 0.4453125 0.04375 0.04375
2 0.9890625 0.7 0.021875 0.125