2 0.6875 0.728125 0.171875 0.2625
2 0.0015625 0.421875 0.003125 0.125
2 0.0234375 0.328125 0.046875 0.08125
2 0.134375 0.2890625 0.046875 0.084375
2 0.25 0.2859375 0.0375 0.046875
1 0.0203125 0.2328125 0.040625 0.071875
1 0.0015625 0.2796875 0.003125 0.096875
1 0.1796875 0.221875 0.028125 0.05625
1 0.15625 0.25625 0.03125 0.071875
1 0.2375 0.2453125 0.034375 0.05
5 0.290625 0.315625 0.0625 0.134375
3 0.175 0.253125 0.0125 0.0375
3 0.1734375 0.30625 0.015625 0.05625
3 0.1953125 0.303125 0.028125 0.05
3 0.184375 0.3921875 0.040625 0.090625
3 0.4046875 0.6828125 0.084375 0.16875
3 0.771875 0.7890625 0.115625 0.14375
3 0.4796875 0.9625 0.165625 0.075