3 0.628125 0.71875 0.028125 0.1
6 0.8265625 0.690625 0.078125 0.109375
1 0.8171875 0.571875 0.090625 0.171875
1 0.7578125 0.5078125 0.053125 0.078125
1 0.8046875 0.465625 0.053125 0.059375
1 0.8484375 0.4484375 0.046875 0.05625
2 0.7578125 0.584375 0.028125 0.053125
2 0.8828125 0.56875 0.04375 0.059375
2 0.746875 0.571875 0.0375 0.05
3 0.9046875 0.5390625 0.01875 0.04375
3 0.884375 0.5328125 0.015625 0.021875
6 0.9046875 0.4890625 0.0375 0.040625
6 0.896875 0.453125 0.025 0.028125
1 0.9875 0.41875 0.025 0.05