1 0.61875 0.9734375 0.33125 0.053125
1 0.5453125 0.8640625 0.228125 0.271875
2 0.8171875 0.978125 0.109375 0.04375
2 0.825 0.9234375 0.103125 0.090625
2 0.853125 0.890625 0.1 0.121875
2 0.86875 0.784375 0.090625 0.08125
2 0.7484375 0.815625 0.084375 0.10625
2 0.7359375 0.7734375 0.084375 0.084375
2 0.7046875 0.7125 0.040625 0.075
1 0.6171875 0.68125 0.140625 0.171875
6 0.878125 0.7078125 0.075 0.1
3 0.8296875 0.7953125 0.05 0.071875
3 0.7921875 0.6859375 0.03125 0.09375
2 0.871875 0.646875 0.053125 0.03125
2 0.7171875 0.6640625 0.053125 0.034375
2 0.7296875 0.6453125 0.05625 0.05
2 0.746875 0.6234375 0.05 0.046875
2 0.809375 0.6359375 0.053125 0.053125
2 0.815625 0.60625 0.04375 0.03125
6 0.8515625 0.5796875 0.0625 0.075
6 0.8296875 0.525 0.05 0.05
1 0.7453125 0.5640625 0.0875 0.11875
1 0.7546875 0.4734375 0.0625 0.046875
1 0.803125 0.4671875 0.05625 0.08125
1 0.8578125 0.453125 0.05 0.059375
1 0.9046875 0.434375 0.059375 0.053125
3 0.9140625 0.528125 0.015625 0.040625
1 0.9765625 0.54375 0.046875 0.15
6 0.9890625 0.4421875 0.021875 0.053125