1 0.5359375 0.9734375 0.515625 0.053125
1 0.0625 0.4015625 0.025 0.034375
1 0.0640625 0.3734375 0.03125 0.03125
1 0.015625 0.4046875 0.03125 0.046875
2 0.015625 0.4375 0.01875 0.01875
1 0.1078125 0.45625 0.053125 0.071875
6 0.1 0.4109375 0.046875 0.028125
6 0.0515625 0.4859375 0.021875 0.05
6 0.0640625 0.453125 0.03125 0.0375
3 0.0703125 0.4890625 0.015625 0.04375
1 0.15625 0.390625 0.034375 0.025
1 0.1890625 0.3734375 0.03125 0.05
1 0.1765625 0.434375 0.040625 0.053125
6 0.1484375 0.51875 0.05625 0.0875
3 0.05625 0.6359375 0.028125 0.0625
1 0.0046875 0.48125 0.009375 0.08125
6 0.0109375 0.53125 0.021875 0.0625
6 0.1046875 0.8671875 0.05 0.15625
3 0.09375 0.9796875 0.05625 0.040625
2 0.403125 0.8125 0.0875 0.14375
3 0.5078125 0.725 0.0625 0.04375