2 0.484375 0.99375 0.18125 0.0125
2 0.6609375 0.971875 0.103125 0.05625
2 0.6421875 0.928125 0.103125 0.14375
2 0.7421875 0.8875 0.096875 0.1375
2 0.79375 0.778125 0.090625 0.0875
2 0.746875 0.75625 0.059375 0.10625
6 0.8359375 0.9171875 0.128125 0.165625
2 0.5265625 0.853125 0.10625 0.096875
2 0.865625 0.7203125 0.071875 0.078125
2 0.8390625 0.6890625 0.06875 0.078125
2 0.8671875 0.8234375 0.09375 0.090625
6 0.7421875 0.703125 0.084375 0.075
3 0.4359375 0.8609375 0.046875 0.128125
3 0.5 0.7921875 0.040625 0.065625
1 0.6359375 0.640625 0.11875 0.1
1 0.6484375 0.753125 0.11875 0.228125
1 0.68125 0.603125 0.08125 0.10625
1 0.73125 0.58125 0.065625 0.11875
1 0.75625 0.5140625 0.05625 0.0875
5 0.85625 0.590625 0.09375 0.140625