2 0.6484375 0.9859375 0.153125 0.028125
2 0.809375 0.9421875 0.125 0.115625
2 0.8671875 0.8375 0.09375 0.13125
2 0.7796875 0.76875 0.06875 0.096875
2 0.7265625 0.7859375 0.084375 0.0625
1 0.453125 0.875 0.26875 0.25
6 0.6921875 0.896875 0.109375 0.178125
2 0.759375 0.8515625 0.075 0.1
2 0.8828125 0.7203125 0.06875 0.1
2 0.765625 0.6171875 0.03125 0.065625
6 0.74375 0.6875 0.109375 0.090625
6 0.625 0.7609375 0.096875 0.134375
6 0.84375 0.6515625 0.05625 0.10625
6 0.8859375 0.609375 0.053125 0.103125
1 0.696875 0.60625 0.1125 0.09375
6 0.80625 0.628125 0.03125 0.09375
1 0.753125 0.5265625 0.059375 0.08125
1 0.759375 0.4765625 0.059375 0.046875
1 0.834375 0.4671875 0.053125 0.05625
1 0.8828125 0.43125 0.065625 0.03125
5 0.890625 0.4921875 0.075 0.1
6 0.8078125 0.5375 0.04375 0.053125
2 0.8734375 0.55625 0.040625 0.0375
2 0.9953125 0.5265625 0.009375 0.053125