2 0.0421875 0.7765625 0.084375 0.11875
5 0.0640625 0.4046875 0.040625 0.0375
1 0.08125 0.5109375 0.08125 0.171875
1 0.125 0.4421875 0.040625 0.05625
1 0.1546875 0.428125 0.015625 0.04375
1 0.159375 0.4046875 0.025 0.034375
1 0.178125 0.39375 0.025 0.04375
6 0.15 0.5140625 0.046875 0.075
6 0.19375 0.5796875 0.0625 0.090625
3 0.0984375 0.6296875 0.021875 0.078125
6 0.0453125 0.6234375 0.0625 0.103125
3 0.465625 0.7265625 0.034375 0.0625
3 0.503125 0.7296875 0.078125 0.05
3 0.23125 0.89375 0.053125 0.15625