2 0.8203125 0.9984375 0.146875 0.003125
1 0.3171875 0.8796875 0.340625 0.240625
6 0.5765625 0.9453125 0.196875 0.109375
6 0.8171875 0.9203125 0.109375 0.159375
6 0.7765625 0.8890625 0.10625 0.1625
2 0.6046875 0.8328125 0.084375 0.084375
2 0.6125 0.790625 0.078125 0.06875
1 0.4578125 0.778125 0.178125 0.228125
5 0.8453125 0.7515625 0.11875 0.2
6 0.7546875 0.6921875 0.065625 0.075
6 0.665625 0.6984375 0.071875 0.09375
6 0.7078125 0.8078125 0.10625 0.16875
1 0.6875 0.6109375 0.10625 0.125
1 0.8609375 0.6 0.1 0.15
1 0.765625 0.509375 0.06875 0.078125
5 0.9 0.478125 0.0625 0.09375
2 0.759375 0.6203125 0.04375 0.05