1 0.0921875 0.3984375 0.025 0.040625
1 0.059375 0.409375 0.03125 0.04375
1 0.1796875 0.415625 0.04375 0.08125
1 0.1375 0.421875 0.0375 0.053125
1 0.121875 0.440625 0.040625 0.06875
2 0.05625 0.478125 0.028125 0.040625
2 0.06875 0.45625 0.025 0.028125
2 0.103125 0.475 0.03125 0.046875
2 0.0765625 0.4484375 0.021875 0.025
2 0.084375 0.44375 0.01875 0.03125
6 0.1484375 0.5265625 0.059375 0.10625
3 0.1796875 0.5734375 0.084375 0.09375
2 0.4015625 0.809375 0.11875 0.15625
3 0.215625 0.8734375 0.05 0.159375
3 0.5015625 0.73125 0.0625 0.046875
3 0.465625 0.7265625 0.034375 0.06875