6 0.571875 0.9390625 0.21875 0.121875
1 0.31875 0.88125 0.3375 0.2375
1 0.4703125 0.7875 0.16875 0.234375
6 0.8109375 0.928125 0.109375 0.14375
6 0.7734375 0.865625 0.096875 0.1375
6 0.7078125 0.803125 0.115625 0.15
3 0.7234375 0.9453125 0.071875 0.109375
2 0.60625 0.828125 0.078125 0.078125
2 0.6109375 0.78125 0.075 0.059375
5 0.8453125 0.7421875 0.11875 0.20625
6 0.7578125 0.6734375 0.0625 0.0875
6 0.6859375 0.675 0.078125 0.09375
1 0.715625 0.5890625 0.09375 0.11875
1 0.865625 0.603125 0.1 0.165625
1 0.7671875 0.5109375 0.065625 0.08125
1 0.7984375 0.4765625 0.053125 0.053125
2 0.7828125 0.609375 0.040625 0.053125
2 0.803125 0.628125 0.03125 0.05
5 0.8984375 0.48125 0.065625 0.084375
2 0.9921875 0.5203125 0.015625 0.053125