6 0.6 0.9765625 0.18125 0.046875
1 0.1828125 0.9859375 0.353125 0.028125
6 0.334375 0.95 0.16875 0.1
2 0.6921875 0.9515625 0.115625 0.096875
2 0.8453125 0.93125 0.121875 0.1375
2 0.7234375 0.859375 0.128125 0.10625
2 0.56875 0.9203125 0.1 0.08125
2 0.6015625 0.846875 0.128125 0.125
1 0.6484375 0.7203125 0.11875 0.2
1 0.7046875 0.6125 0.109375 0.1375
1 0.74375 0.546875 0.075 0.109375
3 0.725 0.746875 0.03125 0.10625
6 0.7859375 0.71875 0.065625 0.1125
6 0.85 0.703125 0.075 0.11875
6 0.871875 0.7890625 0.08125 0.15
6 0.8109375 0.5921875 0.05 0.084375
5 0.871875 0.5328125 0.071875 0.121875
3 0.784375 0.55 0.0125 0.05
1 0.821875 0.475 0.059375 0.059375
1 0.8921875 0.4890625 0.065625 0.0875
1 0.8453125 0.4390625 0.071875 0.0375