3 0.2421875 0.9828125 0.071875 0.034375
3 0.3234375 0.975 0.059375 0.05
6 0.784375 0.9140625 0.1375 0.171875
5 0.5953125 0.8953125 0.171875 0.209375
1 0.5890625 0.75625 0.159375 0.209375
1 0.6859375 0.5984375 0.115625 0.15625
6 0.76875 0.625 0.090625 0.1
6 0.7609375 0.790625 0.0875 0.096875
2 0.846875 0.7375 0.065625 0.090625
2 0.8609375 0.68125 0.06875 0.0625
3 0.7046875 0.6984375 0.025 0.078125
3 0.8078125 0.696875 0.03125 0.084375
6 0.8828125 0.6234375 0.065625 0.10625
6 0.8765625 0.565625 0.05625 0.0625
5 0.8859375 0.5171875 0.0625 0.065625
1 0.815625 0.471875 0.059375 0.0625
1 0.86875 0.4515625 0.075 0.071875
1 0.9890625 0.4671875 0.021875 0.065625