3 0.56875 0.925 0.15 0.15
3 0.2484375 0.73125 0.109375 0.171875
3 0.7921875 0.8078125 0.125 0.175
3 0.2640625 0.4828125 0.071875 0.09375
3 0.18125 0.49375 0.0625 0.0875
3 0.1609375 0.403125 0.05 0.065625
3 0.2015625 0.378125 0.059375 0.084375
3 0.165625 0.284375 0.04375 0.05
2 0.6921875 0.7484375 0.215625 0.278125
2 0.3828125 0.9171875 0.296875 0.165625
2 0.0125 0.4890625 0.025 0.146875
1 0.0203125 0.240625 0.040625 0.06875
1 0.1578125 0.225 0.03125 0.053125
2 0.146875 0.2484375 0.0375 0.040625
3 0.175 0.259375 0.03125 0.04375
5 0.2984375 0.325 0.0875 0.14375