6 0.64375 0.9828125 0.16875 0.034375
1 0.2640625 0.9578125 0.428125 0.084375
2 0.828125 0.9671875 0.1125 0.065625
2 0.8203125 0.8984375 0.1125 0.121875
2 0.734375 0.6984375 0.059375 0.075
3 0.778125 0.996875 0.0625 0.00625
3 0.5375 0.9421875 0.04375 0.115625
6 0.6359375 0.878125 0.178125 0.24375
6 0.8484375 0.80625 0.084375 0.153125
6 0.821875 0.7515625 0.08125 0.134375
6 0.8125 0.678125 0.103125 0.121875
1 0.4984375 0.7671875 0.234375 0.253125
1 0.64375 0.625 0.11875 0.153125
1 0.75625 0.51875 0.0625 0.09375
1 0.8796875 0.51875 0.075 0.125
5 0.878125 0.6359375 0.084375 0.15
2 0.80625 0.6046875 0.046875 0.053125
2 0.8140625 0.5296875 0.0375 0.0375
2 0.8078125 0.4984375 0.03125 0.03125
6 0.6015625 0.678125 0.115625 0.125
1 0.99375 0.478125 0.0125 0.09375