6 0.5546875 0.871875 0.303125 0.25625
3 0.9765625 0.859375 0.046875 0.275
3 0.975 0.6296875 0.05 0.153125
3 0.8734375 0.5109375 0.0625 0.159375
3 0.903125 0.2171875 0.0375 0.10625
3 0.8609375 0.2 0.034375 0.134375
3 0.8359375 0.2796875 0.046875 0.115625
2 0.7625 0.4328125 0.1375 0.190625
2 0.91875 0.3578125 0.109375 0.146875
2 0.7671875 0.2390625 0.078125 0.134375
2 0.8109375 0.134375 0.08125 0.0875
2 0.409375 0.3828125 0.178125 0.2
1 0.9609375 0.0734375 0.078125 0.134375
2 0.9015625 0.025 0.04375 0.05