2 0.75625 0.9890625 0.25 0.021875
2 0.9765625 0.846875 0.046875 0.30625
3 0.5046875 0.8515625 0.10625 0.209375
3 0.6890625 0.621875 0.046875 0.171875
3 0.828125 0.525 0.065625 0.11875
3 0.9765625 0.371875 0.046875 0.08125
3 0.984375 0.415625 0.03125 0.1
2 0.7421875 0.715625 0.165625 0.225
2 0.7953125 0.646875 0.115625 0.16875
2 0.85 0.596875 0.1 0.140625
2 0.83125 0.53125 0.0875 0.109375
2 0.7875 0.4828125 0.0375 0.0875
2 0.7796875 0.4640625 0.06875 0.115625
2 0.878125 0.415625 0.05625 0.15
2 0.9765625 0.6671875 0.046875 0.259375
6 0.9625 0.5484375 0.075 0.234375
6 0.7234375 0.8625 0.184375 0.275
6 0.5734375 0.771875 0.134375 0.24375
6 0.7953125 0.3890625 0.065625 0.13125
6 0.840625 0.35625 0.084375 0.09375
1 0.3 0.84375 0.43125 0.3125
1 0.515625 0.5328125 0.153125 0.246875
1 0.61875 0.565625 0.2 0.290625
1 0.71875 0.49375 0.14375 0.228125
1 0.6609375 0.4171875 0.1 0.16875
1 0.6625 0.3328125 0.125 0.153125
1 0.765625 0.3515625 0.121875 0.196875
1 0.7734375 0.2953125 0.096875 0.14375
1 0.8546875 0.2671875 0.090625 0.128125
1 0.9703125 0.2546875 0.059375 0.121875