5 0.7328125 0.9421875 0.228125 0.115625
1 0.490625 0.875 0.2375 0.25
1 0.7078125 0.871875 0.190625 0.25625
1 0.6171875 0.7421875 0.15 0.1625
1 0.64375 0.640625 0.134375 0.134375
2 0.8421875 0.8671875 0.09375 0.14375
2 0.8546875 0.7984375 0.090625 0.084375
2 0.884375 0.765625 0.075 0.125
2 0.8859375 0.7046875 0.071875 0.09375
2 0.78125 0.6859375 0.059375 0.0625
2 0.721875 0.6578125 0.040625 0.03125
2 0.7734375 0.5859375 0.046875 0.04375
2 0.78125 0.5640625 0.04375 0.034375
2 0.7890625 0.5484375 0.04375 0.046875
2 0.834375 0.60625 0.059375 0.053125
2 0.834375 0.5671875 0.0375 0.034375
2 0.8390625 0.5453125 0.0375 0.03125
2 0.896875 0.5484375 0.05 0.046875
6 0.89375 0.521875 0.04375 0.04375
6 0.878125 0.509375 0.03125 0.04375
6 0.875 0.46875 0.0375 0.040625
3 0.8421875 0.6890625 0.025 0.109375
3 0.7359375 0.5875 0.025 0.0625
6 0.69375 0.56875 0.06875 0.05625
1 0.8203125 0.4953125 0.059375 0.084375
1 0.840625 0.446875 0.053125 0.03125
1 0.8796875 0.4359375 0.065625 0.05625
6 0.7203125 0.7 0.075 0.065625
2 0.996875 0.778125 0.00625 0.1125
6 0.98125 0.546875 0.0375 0.1
1 0.9796875 0.4140625 0.040625 0.040625