1 0.028125 0.465625 0.05625 0.0875
6 0.075 0.4640625 0.034375 0.053125
1 0.1328125 0.4515625 0.1 0.071875
1 0.1421875 0.40625 0.0375 0.025
1 0.178125 0.3921875 0.034375 0.05
1 0.209375 0.3953125 0.01875 0.040625
1 0.0703125 0.396875 0.03125 0.034375
1 0.1953125 0.4328125 0.0375 0.05625
6 0.15 0.5203125 0.0625 0.103125
3 0.0859375 0.50625 0.021875 0.053125
1 0.109375 0.6390625 0.10625 0.1875
2 0.025 0.66875 0.05 0.0875
3 0.0671875 0.8875 0.046875 0.128125
3 0.084375 0.9453125 0.05625 0.109375
3 0.15625 0.9921875 0.06875 0.015625
1 0.2984375 0.8609375 0.234375 0.278125
2 0.4046875 0.79375 0.084375 0.115625
3 0.50625 0.7234375 0.0625 0.046875