2 0.7359375 0.9828125 0.228125 0.034375
1 0.315625 0.909375 0.36875 0.18125
6 0.659375 0.93125 0.13125 0.1375
2 0.734375 0.9046875 0.103125 0.121875
2 0.7125 0.821875 0.115625 0.084375
2 0.665625 0.78125 0.109375 0.125
2 0.7703125 0.765625 0.08125 0.1125
2 0.875 0.8109375 0.0875 0.115625
6 0.5375 0.8578125 0.140625 0.16875
6 0.8609375 0.7 0.06875 0.109375
6 0.878125 0.6421875 0.071875 0.096875
6 0.796875 0.6875 0.0625 0.096875
1 0.6546875 0.6609375 0.1 0.153125
3 0.74375 0.63125 0.021875 0.078125
3 0.759375 0.6453125 0.021875 0.08125
1 0.7453125 0.584375 0.09375 0.146875
2 0.8125 0.61875 0.053125 0.05625
2 0.875 0.5734375 0.05 0.05
2 0.815625 0.5859375 0.0375 0.053125
5 0.88125 0.503125 0.06875 0.109375