3 0.1859375 0.990625 0.071875 0.01875
3 0.1859375 0.871875 0.046875 0.153125
3 0.4296875 0.8078125 0.046875 0.121875
3 0.4625 0.715625 0.03125 0.059375
3 0.5046875 0.7203125 0.06875 0.053125
3 0.2765625 0.7015625 0.046875 0.1
2 0.0296875 0.715625 0.059375 0.11875
1 0.09375 0.6359375 0.1125 0.184375
1 0.015625 0.5421875 0.03125 0.140625
1 0.065625 0.503125 0.05625 0.096875
1 0.084375 0.45 0.059375 0.06875
1 0.128125 0.4359375 0.034375 0.053125
1 0.1296875 0.40625 0.046875 0.03125
1 0.1875 0.40625 0.040625 0.05
6 0.1453125 0.5078125 0.05625 0.08125
6 0.1921875 0.575 0.0625 0.0875