3 0.0828125 0.58125 0.053125 0.15625
3 0.0328125 0.3109375 0.040625 0.065625
3 0.0484375 0.325 0.0375 0.08125
3 0.05625 0.309375 0.046875 0.1
3 0.4375 0.54375 0.1375 0.09375
2 0.04375 0.4546875 0.071875 0.103125
2 0.0171875 0.28125 0.034375 0.05
6 0.15625 0.428125 0.103125 0.14375
6 0.009375 0.378125 0.01875 0.0875
1 0.028125 0.4765625 0.05625 0.259375
5 0.1 0.34375 0.0625 0.10625
1 0.1515625 0.228125 0.078125 0.090625
1 0.0109375 0.2296875 0.021875 0.059375
6 0.503125 0.65625 0.246875 0.234375
3 0.896875 0.9875 0.13125 0.025