2 0.95 0.58125 0.1 0.1875
2 0.8015625 0.6234375 0.159375 0.215625
2 0.5390625 0.6296875 0.146875 0.171875
2 0.3984375 0.7328125 0.246875 0.140625
2 0.25625 0.884375 0.284375 0.171875
2 0.8890625 0.425 0.096875 0.109375
2 0.96875 0.4046875 0.0625 0.109375
2 0.8921875 0.3234375 0.071875 0.065625
2 0.9546875 0.3046875 0.0375 0.065625
3 0.9546875 0.334375 0.04375 0.065625
3 0.9703125 0.3203125 0.0375 0.059375
3 0.9859375 0.3078125 0.028125 0.059375
3 0.9953125 0.2859375 0.009375 0.053125
1 0.484375 0.846875 0.70625 0.30625