3 0.3515625 0.9828125 0.059375 0.034375
3 0.3890625 0.921875 0.04375 0.15
3 0.8578125 0.7875 0.0375 0.11875
6 0.83125 0.7125 0.06875 0.115625
6 0.840625 0.634375 0.075 0.103125
1 0.675 0.821875 0.26875 0.321875
1 0.5171875 0.7953125 0.171875 0.2375
1 0.690625 0.640625 0.13125 0.090625
5 0.746875 0.5921875 0.06875 0.075
1 0.74375 0.54375 0.071875 0.078125
1 0.7703125 0.490625 0.06875 0.078125
3 0.7890625 0.5578125 0.0125 0.065625
3 0.865625 0.5390625 0.01875 0.034375
6 0.8984375 0.528125 0.040625 0.0625
6 0.8328125 0.5046875 0.059375 0.0625
1 0.8375 0.4515625 0.05625 0.040625
1 0.8953125 0.4375 0.0625 0.059375
6 0.8953125 0.490625 0.040625 0.03125