3 0.8203125 0.3953125 0.06875 0.109375
6 0.703125 0.95 0.33125 0.1
2 0.9640625 0.6671875 0.071875 0.271875
2 0.959375 0.465625 0.08125 0.125
2 0.99375 0.3359375 0.0125 0.053125
2 0.9921875 0.4203125 0.015625 0.171875
5 0.959375 0.334375 0.08125 0.15625
2 0.7828125 0.9109375 0.221875 0.178125
2 0.7546875 0.8 0.15 0.265625
2 0.8203125 0.5328125 0.084375 0.140625
2 0.703125 0.534375 0.071875 0.11875
2 0.7796875 0.4390625 0.090625 0.090625
2 0.875 0.3546875 0.084375 0.15
1 0.8828125 0.2703125 0.0625 0.09375
1 0.8125 0.275 0.075 0.14375
1 0.8484375 0.284375 0.06875 0.11875
1 0.7734375 0.2890625 0.075 0.103125
1 0.759375 0.359375 0.090625 0.128125
1 0.684375 0.390625 0.121875 0.18125
1 0.6203125 0.553125 0.21875 0.334375
1 0.425 0.7671875 0.4 0.465625
1 0.2671875 0.878125 0.503125 0.24375
3 0.71875 0.346875 0.04375 0.10625