2 0.953125 0.546875 0.09375 0.125
2 0.8359375 0.75625 0.2 0.2
2 0.203125 0.9 0.25 0.2
2 0.371875 0.753125 0.196875 0.20625
2 0.5421875 0.6265625 0.1875 0.146875
2 0.9 0.425 0.065625 0.09375
2 0.953125 0.359375 0.046875 0.065625
2 0.9984375 0.2875 0.003125 0.04375
2 0.890625 0.346875 0.040625 0.08125
6 0.91875 0.3046875 0.059375 0.05625
3 0.984375 0.3 0.021875 0.05
3 0.9640625 0.3140625 0.025 0.028125
3 0.95625 0.3296875 0.025 0.034375
6 0.9890625 0.3640625 0.021875 0.084375
3 0.9 0.3734375 0.034375 0.05625
3 0.84375 0.41875 0.040625 0.046875
3 0.8328125 0.46875 0.0625 0.075
3 0.5953125 0.571875 0.05625 0.084375
1 0.684375 0.8890625 0.56875 0.221875