1 0.003125 0.415625 0.00625 0.0375
1 0.0578125 0.4046875 0.025 0.0375
1 0.2078125 0.390625 0.015625 0.028125
1 0.1296875 0.43125 0.0375 0.059375
6 0.1625 0.4234375 0.01875 0.0375
2 0.171875 0.409375 0.015625 0.021875
1 0.090625 0.4640625 0.040625 0.078125
1 0.0703125 0.4734375 0.046875 0.071875
6 0.1484375 0.5046875 0.059375 0.08125
6 0.19375 0.58125 0.06875 0.09375
1 0.090625 0.5828125 0.08125 0.15625
6 0.003125 0.5 0.00625 0.0875
2 0.0328125 0.7 0.065625 0.0875
6 0.05625 0.7703125 0.078125 0.14375
2 0.1234375 0.8453125 0.109375 0.146875
2 0.096875 0.9578125 0.11875 0.084375
6 0.5671875 0.8140625 0.19375 0.146875
1 0.3796875 0.9609375 0.440625 0.078125
3 0.4671875 0.721875 0.025 0.059375