1 0.28125 0.8984375 0.5625 0.203125
1 0.725 0.609375 0.140625 0.259375
1 0.7359375 0.428125 0.109375 0.115625
1 0.7828125 0.3328125 0.0625 0.13125
1 0.846875 0.3921875 0.059375 0.165625
1 0.8796875 0.3140625 0.04375 0.08125
1 0.9265625 0.2671875 0.040625 0.034375
5 0.9515625 0.3234375 0.084375 0.05
1 0.9421875 0.2859375 0.05625 0.034375
2 0.59375 0.971875 0.18125 0.05625
2 0.8234375 0.9640625 0.171875 0.071875
2 0.7546875 0.809375 0.18125 0.178125
2 0.575 0.88125 0.13125 0.1625
2 0.9265625 0.3578125 0.05 0.075
3 0.559375 0.78125 0.05 0.096875
3 0.596875 0.6015625 0.028125 0.078125
3 0.590625 0.54375 0.025 0.04375
3 0.890625 0.46875 0.025 0.084375
6 0.79375 0.9984375 0.4 0.003125