1 0.421875 0.896875 0.3375 0.20625
2 0.7 0.990625 0.1375 0.01875
2 0.8359375 0.865625 0.090625 0.125
2 0.834375 0.7734375 0.090625 0.090625
6 0.6953125 0.9125 0.128125 0.175
3 0.7765625 0.8921875 0.046875 0.146875
1 0.5921875 0.7 0.16875 0.25
1 0.6796875 0.5921875 0.10625 0.128125
6 0.6953125 0.7484375 0.128125 0.190625
6 0.865625 0.7015625 0.09375 0.146875
6 0.8484375 0.6375 0.075 0.1
2 0.771875 0.6890625 0.04375 0.078125
2 0.7921875 0.6578125 0.046875 0.065625
5 0.890625 0.5734375 0.06875 0.075
1 0.771875 0.5046875 0.078125 0.071875
1 0.86875 0.496875 0.075 0.125
1 0.996875 0.446875 0.00625 0.075