1 0.0765625 0.440625 0.134375 0.04375
6 0.0703125 0.465625 0.065625 0.059375
1 0.171875 0.4328125 0.034375 0.04375
1 0.1765625 0.3921875 0.03125 0.04375
3 0.065625 0.521875 0.01875 0.059375
6 0.1421875 0.521875 0.0625 0.09375
1 0.140625 0.709375 0.109375 0.21875
6 0.0296875 0.6796875 0.059375 0.1
3 0.0515625 0.7421875 0.028125 0.1125
3 0.0828125 0.634375 0.01875 0.046875
3 0.5078125 0.7203125 0.05625 0.04375
2 0.38125 0.8015625 0.11875 0.1375
2 0.096875 0.8875 0.1125 0.15
1 0.4984375 0.9421875 0.384375 0.115625