3 0.6984375 0.6203125 0.065625 0.140625
3 0.103125 0.9875 0.10625 0.025
6 0.9609375 0.396875 0.078125 0.175
2 0.9984375 0.3078125 0.003125 0.065625
2 0.7828125 0.9515625 0.209375 0.096875
2 0.753125 0.86875 0.171875 0.225
2 0.771875 0.7453125 0.1375 0.14375
2 0.7921875 0.6703125 0.171875 0.159375
2 0.778125 0.5328125 0.1 0.159375
2 0.803125 0.5078125 0.08125 0.11875
2 0.8375 0.365625 0.06875 0.078125
3 0.7984375 0.41875 0.028125 0.109375
2 0.796875 0.359375 0.053125 0.10625
6 0.2640625 0.996875 0.309375 0.00625
6 0.6453125 0.5890625 0.10625 0.196875
6 0.7578125 0.5578125 0.1125 0.128125
1 0.4484375 0.790625 0.390625 0.41875
1 0.5109375 0.615625 0.234375 0.225
1 0.5734375 0.475 0.159375 0.278125
1 0.653125 0.4640625 0.10625 0.240625
1 0.7125 0.49375 0.171875 0.240625
1 0.7625 0.3921875 0.090625 0.14375
1 0.7421875 0.3046875 0.1 0.090625
1 0.7796875 0.28125 0.084375 0.078125
1 0.85 0.284375 0.090625 0.11875