1 0.0125 0.415625 0.025 0.05
1 0.046875 0.3734375 0.03125 0.034375
1 0.0890625 0.44375 0.053125 0.075
1 0.05 0.4 0.028125 0.034375
1 0.0203125 0.496875 0.040625 0.1125
1 0.175 0.43125 0.040625 0.053125
1 0.1484375 0.421875 0.025 0.05
1 0.18125 0.390625 0.03125 0.03125
6 0.14375 0.51875 0.05625 0.109375
5 0.0796875 0.584375 0.078125 0.15625
6 0.78125 0.996875 0.2 0.00625
2 0.3859375 0.803125 0.1375 0.146875
3 0.24375 0.91875 0.0625 0.1625
6 0.03125 0.65625 0.0625 0.11875
6 0.046875 0.790625 0.09375 0.15625
3 0.5015625 0.703125 0.05625 0.053125
3 0.3046875 0.7765625 0.046875 0.10625
6 0.1359375 0.396875 0.03125 0.025