2 0.078125 0.8875 0.096875 0.159375
2 0.084375 0.7921875 0.0875 0.11875
1 0.1046875 0.4265625 0.05625 0.059375
1 0.15625 0.4375 0.053125 0.06875
1 0.0484375 0.4890625 0.053125 0.0875
1 0.003125 0.4265625 0.00625 0.065625
2 0.059375 0.546875 0.040625 0.05
6 0.1515625 0.5140625 0.046875 0.08125
6 0.09375 0.496875 0.034375 0.0625
6 0.190625 0.5828125 0.06875 0.09375
2 0.0453125 0.6515625 0.0625 0.08125
2 0.0296875 0.7078125 0.059375 0.084375
3 0.0953125 0.640625 0.025 0.08125
3 0.140625 0.7265625 0.03125 0.103125
3 0.196875 0.734375 0.0375 0.1125
3 0.4640625 0.725 0.034375 0.0875
3 0.5 0.728125 0.06875 0.053125
3 0.5015625 0.91875 0.059375 0.1625
3 0.0703125 0.9546875 0.059375 0.090625