3 0.6546875 0.8484375 0.090625 0.171875
3 0.7671875 0.5390625 0.071875 0.13125
3 0.5234375 0.6328125 0.059375 0.128125
3 0.4859375 0.5796875 0.046875 0.146875
3 0.43125 0.66875 0.059375 0.1375
2 0.75625 0.9671875 0.25 0.065625
2 0.803125 0.7921875 0.159375 0.196875
2 0.696875 0.7171875 0.1375 0.125
2 0.6390625 0.7859375 0.159375 0.153125
2 0.525 0.765625 0.153125 0.171875
2 0.44375 0.921875 0.15625 0.15625
2 0.428125 0.8578125 0.184375 0.190625
6 0.2328125 0.884375 0.259375 0.190625
6 0.60625 0.653125 0.1375 0.171875
6 0.8078125 0.6390625 0.121875 0.203125
2 0.8140625 0.5671875 0.1 0.0875
2 0.8359375 0.503125 0.06875 0.121875
2 0.8265625 0.41875 0.075 0.096875
3 0.7390625 0.434375 0.059375 0.125
3 0.7953125 0.409375 0.03125 0.0875
6 0.76875 0.4046875 0.06875 0.1375
6 0.8390625 0.38125 0.065625 0.096875
2 0.8078125 0.3515625 0.059375 0.078125
2 0.8578125 0.3484375 0.071875 0.109375
2 0.85625 0.30625 0.0375 0.040625
1 0.6625 0.5234375 0.184375 0.30625
1 0.6390625 0.409375 0.1 0.0875
1 0.671875 0.35625 0.121875 0.10625
1 0.7125 0.3328125 0.084375 0.10625
1 0.7578125 0.325 0.084375 0.11875
1 0.8234375 0.2828125 0.075 0.09375
1 0.2421875 0.9265625 0.484375 0.146875
2 0.9828125 0.315625 0.034375 0.08125