2 0.7375 0.90625 0.175 0.1875
2 0.303125 0.9796875 0.25 0.040625
2 0.5515625 0.8578125 0.146875 0.196875
2 0.634375 0.7828125 0.140625 0.18125
2 0.734375 0.6921875 0.096875 0.14375
2 0.8859375 0.5671875 0.06875 0.078125
2 0.9171875 0.5703125 0.0375 0.06875
2 0.934375 0.5609375 0.040625 0.05
6 0.946875 0.525 0.05625 0.096875
2 0.95625 0.6515625 0.0625 0.103125
2 0.9140625 0.7390625 0.1125 0.178125
3 0.8578125 0.6703125 0.059375 0.078125
3 0.865625 0.875 0.1 0.196875
3 0.7984375 0.6609375 0.103125 0.128125
5 0.9828125 0.609375 0.034375 0.125
5 0.99375 0.5578125 0.0125 0.109375
5 0.9609375 0.725 0.078125 0.25
6 0.403125 0.89375 0.3 0.2125