1 0.315625 0.884375 0.33125 0.23125
6 0.571875 0.946875 0.20625 0.10625
6 0.81875 0.9234375 0.10625 0.153125
6 0.7734375 0.9 0.1 0.196875
6 0.703125 0.809375 0.125 0.15625
5 0.8390625 0.7453125 0.121875 0.203125
2 0.5984375 0.8328125 0.090625 0.06875
2 0.6078125 0.790625 0.078125 0.05625
1 0.45625 0.778125 0.178125 0.225
6 0.665625 0.6953125 0.071875 0.0875
1 0.6890625 0.615625 0.10625 0.121875
1 0.8640625 0.6 0.10625 0.153125
6 0.75 0.5734375 0.034375 0.065625
1 0.753125 0.5171875 0.0625 0.06875
5 0.9015625 0.4765625 0.059375 0.084375
1 0.7875 0.475 0.06875 0.053125
2 0.7984375 0.628125 0.03125 0.04375
2 0.7515625 0.628125 0.025 0.0375