1 0.059375 0.39375 0.021875 0.034375
1 0.1765625 0.39375 0.034375 0.05
1 0.1421875 0.4078125 0.03125 0.025
1 0.128125 0.43125 0.028125 0.05
1 0.1765625 0.440625 0.040625 0.046875
1 0.0828125 0.4515625 0.06875 0.08125
1 0.0875 0.590625 0.06875 0.15
1 0.1578125 0.69375 0.125 0.228125
3 0.0953125 0.4921875 0.0125 0.04375
3 0.0828125 0.4984375 0.015625 0.0375
6 0.1515625 0.5296875 0.0625 0.109375
6 0.0140625 0.5265625 0.028125 0.065625
3 0.015625 0.721875 0.021875 0.096875
3 0.5109375 0.734375 0.06875 0.06875
2 0.3984375 0.8 0.096875 0.1375