6 0.85 0.9875 0.3 0.025
6 0.60625 0.85 0.2 0.3
3 0.7546875 0.8015625 0.06875 0.278125
3 0.3890625 0.8453125 0.125 0.15625
6 0.9125 0.6328125 0.146875 0.246875
6 0.921875 0.55625 0.10625 0.134375
1 0.3296875 0.9328125 0.640625 0.134375
1 0.909375 0.4796875 0.084375 0.146875
5 0.9125 0.4046875 0.090625 0.13125
1 0.6828125 0.61875 0.209375 0.33125
1 0.765625 0.490625 0.121875 0.20625
1 0.728125 0.4265625 0.146875 0.121875
1 0.8359375 0.359375 0.090625 0.140625
1 0.9140625 0.3421875 0.08125 0.103125
2 0.965625 0.303125 0.059375 0.065625
1 0.8390625 0.3015625 0.0625 0.109375