1 0.284375 0.890625 0.3875 0.21875
6 0.8046875 0.959375 0.134375 0.08125
6 0.7734375 0.9015625 0.096875 0.175
3 0.55625 0.9515625 0.0625 0.096875
2 0.609375 0.9234375 0.1125 0.11875
2 0.603125 0.846875 0.09375 0.0875
2 0.6078125 0.790625 0.084375 0.071875
1 0.45625 0.8015625 0.184375 0.284375
6 0.70625 0.81875 0.109375 0.171875
2 0.7421875 0.74375 0.071875 0.09375
6 0.6703125 0.696875 0.071875 0.0875
2 0.5921875 0.7125 0.0625 0.078125
1 0.6875 0.6140625 0.109375 0.1375
6 0.7546875 0.6734375 0.059375 0.0625
2 0.7984375 0.6296875 0.028125 0.046875
2 0.75625 0.6265625 0.028125 0.046875
6 0.7453125 0.5734375 0.046875 0.08125
1 0.7515625 0.51875 0.0625 0.08125
1 0.7859375 0.471875 0.065625 0.05625
1 0.86875 0.6015625 0.10625 0.15625
3 0.9 0.8515625 0.04375 0.146875
2 0.815625 0.5203125 0.040625 0.028125
2 0.846875 0.509375 0.034375 0.0375
1 0.8015625 0.4625 0.071875 0.046875
1 0.8578125 0.45 0.028125 0.040625
5 0.8921875 0.4890625 0.0625 0.1
5 0.840625 0.75625 0.125 0.20625
2 0.9921875 0.534375 0.015625 0.04375