5 0.0828125 0.43125 0.046875 0.053125
1 0.0734375 0.3765625 0.0375 0.034375
1 0.01875 0.3984375 0.0375 0.040625
1 0.184375 0.3875 0.03125 0.0375
1 0.1765625 0.4375 0.0375 0.05625
1 0.140625 0.43125 0.0625 0.065625
1 0.2046875 0.3921875 0.021875 0.03125
1 0.1921875 0.428125 0.028125 0.05625
6 0.1453125 0.5234375 0.06875 0.103125
6 0.0796875 0.478125 0.040625 0.046875
1 0.0671875 0.50625 0.05625 0.075
1 0.0953125 0.6015625 0.109375 0.171875
2 0.04375 0.7046875 0.0875 0.140625
3 0.075 0.66875 0.025 0.065625
2 0.4 0.80625 0.109375 0.140625
3 0.5078125 0.7234375 0.065625 0.0375