2 0.834375 0.9796875 0.14375 0.040625
6 0.540625 0.91875 0.15625 0.1625
1 0.84375 0.8078125 0.1875 0.371875
2 0.7109375 0.8875 0.103125 0.140625
2 0.5671875 0.8515625 0.103125 0.1
1 0.628125 0.7109375 0.140625 0.240625
6 0.7296875 0.7640625 0.0625 0.128125
2 0.7546875 0.684375 0.05625 0.078125
6 0.7140625 0.6234375 0.078125 0.090625
6 0.8328125 0.5984375 0.053125 0.071875
6 0.890625 0.5734375 0.046875 0.078125
6 0.8125 0.53125 0.053125 0.04375
2 0.8828125 0.6171875 0.05 0.046875
2 0.796875 0.5734375 0.0375 0.04375
2 0.815625 0.5484375 0.040625 0.021875
2 0.8703125 0.553125 0.040625 0.04375
2 0.8046875 0.65625 0.053125 0.04375
2 0.7578125 0.5859375 0.05 0.046875
1 0.7421875 0.54375 0.06875 0.09375
1 0.7671875 0.5 0.071875 0.084375
1 0.78125 0.471875 0.06875 0.059375
1 0.8515625 0.4546875 0.05625 0.053125
1 0.9125 0.4234375 0.065625 0.03125
5 0.8875 0.4875 0.075 0.103125
3 0.7875 0.5328125 0.015625 0.046875
1 0.9984375 0.465625 0.003125 0.0875
2 0.990625 0.66875 0.01875 0.0875