2 0.753125 0.96875 0.125 0.0625
6 0.778125 0.990625 0.2 0.01875
6 0.7328125 0.7890625 0.09375 0.15
2 0.8484375 0.8046875 0.09375 0.1125
2 0.834375 0.7390625 0.08125 0.065625
5 0.5046875 0.9421875 0.228125 0.115625
1 0.5359375 0.8296875 0.23125 0.25
1 0.6328125 0.6328125 0.14375 0.18125
6 0.75 0.8796875 0.10625 0.159375
6 0.8765625 0.6890625 0.065625 0.1125
6 0.8640625 0.6421875 0.0625 0.078125
6 0.865625 0.6015625 0.065625 0.084375
6 0.73125 0.66875 0.1125 0.128125
2 0.7953125 0.64375 0.040625 0.08125
2 0.8265625 0.6203125 0.015625 0.059375
1 0.7109375 0.559375 0.08125 0.109375
1 0.7953125 0.4875 0.0625 0.06875
1 0.8515625 0.4703125 0.06875 0.09375
5 0.890625 0.5453125 0.0625 0.06875
6 0.8203125 0.5359375 0.040625 0.059375
3 0.8296875 0.575 0.01875 0.046875
1 0.9890625 0.5328125 0.021875 0.121875
1 0.9875 0.4625 0.025 0.04375