2 0.9734375 0.98515625 0.053125 0.0296875
2 0.24765625 0.97734375 0.209375 0.0453125
2 0.1828125 0.79375 0.1625 0.16171875
2 0.78671875 0.9234375 0.11796875 0.153125
2 0.665625 0.97265625 0.1625 0.0546875
2 0.2546875 0.88828125 0.17734375 0.175
4 0.25390625 0.59609375 0.0640625 0.12421875
2 0.875 0.75703125 0.08828125 0.16875
4 0.43828125 0.9046875 0.115625 0.190625
1 0.7484375 0.78359375 0.09453125 0.153125
1 0.9671875 0.69140625 0.06484375 0.21171875
2 0.36015625 0.778125 0.14375 0.1390625
2 0.31796875 0.5140625 0.06953125 0.0765625
2 0.7828125 0.675 0.07109375 0.10703125