2 0.6765625 0.9875 0.15859375 0.025
2 0.25078125 0.871875 0.1796875 0.20078125
2 0.059375 0.97578125 0.11796875 0.0484375
2 0.8609375 0.79453125 0.09609375 0.1703125
6 0.70390625 0.7953125 0.0953125 0.2171875
2 0.19921875 0.66328125 0.12890625 0.14375
4 0.43671875 0.88359375 0.11953125 0.23203125
2 0.1109375 0.62734375 0.11015625 0.10390625
4 0.96171875 0.8671875 0.0765625 0.265625
1 0.96484375 0.56328125 0.06953125 0.159375
2 0.353125 0.73515625 0.12109375 0.1265625
2 0.86484375 0.640625 0.0828125 0.1390625
2 0.35546875 0.60703125 0.11015625 0.13046875
1 0.45625 0.3625 0.078125 0.1265625
2 0.73359375 0.634375 0.08046875 0.17265625
2 0.8078125 0.49921875 0.0515625 0.071875
2 0.80078125 0.603125 0.04921875 0.13359375
2 0.88671875 0.50625 0.06640625 0.0953125
2 0.36328125 0.48203125 0.05703125 0.0921875