2 0.596875 0.990625 0.16875 0.01875
3 0.94140625 0.89453125 0.04296875 0.128125
2 0.8828125 0.89375 0.07890625 0.1390625
2 0.6921875 0.8734375 0.12734375 0.15703125
2 0.70234375 0.96328125 0.08984375 0.0734375
4 0.3125 0.978125 0.10390625 0.04375
4 0.4265625 0.9625 0.09453125 0.075
3 0.1484375 0.99140625 0.084375 0.01640625
1 0.66953125 0.6671875 0.13125 0.14296875
2 0.61875 0.77578125 0.05078125 0.09921875
2 0.82578125 0.840625 0.0671875 0.12109375
3 0.7765625 0.87578125 0.0359375 0.12734375
2 0.9078125 0.58046875 0.03984375 0.046875
3 0.97421875 0.690625 0.0234375 0.07578125
2 0.9078125 0.8109375 0.0671875 0.075