6 0.67265625 0.75546875 0.34453125 0.4890625
2 0.23125 0.7421875 0.3171875 0.515625
2 0.6015625 0.390625 0.221875 0.321875
2 0.31640625 0.20390625 0.159375 0.315625
2 0.10625 0.446875 0.2125 0.3
2 0.83203125 0.1390625 0.11640625 0.25
2 0.596875 0.128125 0.16875 0.25546875
2 0.70234375 0.0515625 0.08984375 0.103125
4 0.31171875 0.06953125 0.1046875 0.1390625
4 0.4265625 0.05546875 0.09453125 0.11015625
3 0.05234375 0.19921875 0.078125 0.17265625
3 0.1484375 0.0734375 0.084375 0.146875
6 0.80390625 0.3671875 0.16171875 0.35078125
3 0.42421875 0.40546875 0.125 0.23515625
4 0.45234375 0.225 0.1125 0.23671875