2 0.71796875 0.878125 0.11171875 0.21484375
2 0.2625 0.8828125 0.184375 0.2015625
4 0.44140625 0.8875 0.1171875 0.225
2 0.128125 0.77265625 0.15390625 0.16015625
1 0.42109375 0.4046875 0.1328125 0.15078125
2 0.04609375 0.72890625 0.09140625 0.15390625
1 0.86328125 0.6953125 0.078125 0.15390625
1 0.97109375 0.5234375 0.0578125 0.20546875
6 0.7296875 0.684375 0.0796875 0.1609375
4 0.96640625 0.79375 0.0671875 0.16796875
2 0.3578125 0.52265625 0.08359375 0.0875
2 0.37265625 0.75546875 0.1375 0.140625
2 0.8625 0.56953125 0.0640625 0.1140625