2 0.246875 0.8359375 0.1796875 0.19140625
2 0.071875 0.91171875 0.13828125 0.1765625
6 0.67890625 0.91171875 0.1296875 0.1765625
2 0.8609375 0.88125 0.1234375 0.2265625
4 0.98671875 0.91640625 0.02578125 0.16640625
2 0.25625 0.5765625 0.10859375 0.1171875
2 0.87421875 0.69140625 0.1046875 0.17578125
2 0.1671875 0.54921875 0.0875 0.10390625
4 0.43046875 0.86328125 0.1140625 0.22890625
2 0.71484375 0.70078125 0.0890625 0.19921875
2 0.78984375 0.63671875 0.07578125 0.121875
1 0.9625 0.52109375 0.075 0.2046875
2 0.40859375 0.44375 0.0890625 0.0796875
2 0.3546875 0.715625 0.1359375 0.1390625