2 0.86640625 0.91328125 0.125 0.1734375
2 0.0734375 0.8859375 0.146875 0.21484375
2 0.23984375 0.8359375 0.18203125 0.1953125
6 0.65703125 0.95625 0.14765625 0.08671875
2 0.88671875 0.73203125 0.1203125 0.19921875
4 0.99140625 0.9578125 0.0171875 0.08125
4 0.42265625 0.8609375 0.11953125 0.234375
2 0.190625 0.52578125 0.09453125 0.10546875
2 0.70625 0.7515625 0.0984375 0.246875
2 0.2640625 0.54453125 0.08359375 0.10859375
2 0.778125 0.67578125 0.06796875 0.1328125
1 0.95859375 0.528125 0.0828125 0.234375
2 0.35546875 0.71796875 0.14921875 0.14296875