2 0.5171875 0.6875 0.35703125 0.5625
4 0.634375 0.528125 0.18515625 0.43984375
3 0.825 0.62734375 0.13046875 0.32734375
3 0.24375 0.21796875 0.0703125 0.22734375
3 0.64921875 0.3328125 0.115625 0.17890625
3 0.69765625 0.16171875 0.05625 0.21484375
3 0.63203125 0.11875 0.07890625 0.15859375
3 0.12890625 0.0671875 0.06875 0.134375
2 0.51484375 0.0671875 0.159375 0.134375
2 0.38359375 0.0734375 0.16328125 0.146875
2 0.25546875 0.025 0.10546875 0.05
2 0.13203125 0.01875 0.11953125 0.03671875
3 0.42578125 0.1546875 0.07109375 0.18359375
3 0.6140625 0.24609375 0.0671875 0.1640625
4 0.28359375 0.52890625 0.17890625 0.41875
4 0.80859375 0.86484375 0.25625 0.2703125