1 0.8359375 0.571875 0.128125 0.34140625
2 0.93515625 0.5640625 0.07265625 0.11328125
1 0.9953125 0.38984375 0.00859375 0.11640625
2 0.446875 0.5265625 0.0671875 0.08515625
2 0.91796875 0.45078125 0.04296875 0.06484375
1 0.0765625 0.72265625 0.153125 0.27578125
2 0.35703125 0.60859375 0.08671875 0.1015625
2 0.95625 0.3125 0.040625 0.034375
2 0.5296875 0.48203125 0.059375 0.05625
1 0.2 0.8296875 0.38359375 0.340625
4 0.52265625 0.5703125 0.06015625 0.14921875
4 0.5984375 0.584375 0.065625 0.13984375