2 0.95859375 0.99296875 0.0828125 0.0140625
1 0.8265625 0.56484375 0.10859375 0.2234375
2 0.41953125 0.55390625 0.075 0.09453125
1 0.990625 0.3828125 0.01796875 0.11796875
2 0.9234375 0.52578125 0.0640625 0.1125
1 0.1546875 0.8546875 0.30703125 0.290625
2 0.334375 0.6859375 0.08515625 0.11015625
1 0.57890625 0.61875 0.06640625 0.13671875
2 0.91796875 0.43046875 0.04453125 0.0625
1 0.196875 0.475 0.0984375 0.09921875
2 0.5125 0.51796875 0.071875 0.06953125
2 0.95390625 0.30390625 0.0375 0.0296875
2 0.83046875 0.3578125 0.0421875 0.05
1 0.0546875 0.7140625 0.10859375 0.20078125