1 0.69609375 0.8 0.11171875 0.24453125
2 0.16171875 0.88046875 0.19921875 0.23046875
2 0.40625 0.81015625 0.13046875 0.22265625
1 0.86796875 0.64453125 0.16484375 0.4546875
1 0.96953125 0.38984375 0.06015625 0.21484375
2 0.4796875 0.584375 0.1015625 0.13984375
1 0.36796875 0.6328125 0.09140625 0.18515625
1 0.2390625 0.61640625 0.08203125 0.18203125
2 0.4078125 0.3359375 0.06640625 0.0859375
1 0.07421875 0.35703125 0.10859375 0.1
1 0.46796875 0.4359375 0.06171875 0.11328125
2 0.7890625 0.275 0.046875 0.06796875
4 0.96796875 0.6421875 0.06171875 0.15625
4 0.70703125 0.52421875 0.0796875 0.16171875
1 0.7359375 0.26484375 0.0578125 0.14296875
2 0.51484375 0.31328125 0.04609375 0.0921875