2 0.915625 0.90390625 0.11484375 0.19140625
2 0.759375 0.92109375 0.11015625 0.15703125
2 0.2828125 0.98984375 0.19765625 0.0203125
2 0.24765625 0.80546875 0.1546875 0.153125
4 0.05859375 0.996875 0.11484375 0.00625
1 0.97734375 0.7578125 0.04453125 0.30625
2 0.79921875 0.79453125 0.08515625 0.13359375
2 0.28046875 0.92421875 0.16484375 0.15078125
2 0.76328125 0.71875 0.0703125 0.1
1 0.34453125 0.59375 0.05625 0.11015625
1 0.92578125 0.5171875 0.07109375 0.11328125
2 0.39609375 0.53359375 0.05 0.05
4 0.46171875 0.90234375 0.1109375 0.1953125
4 0.87421875 0.72109375 0.059375 0.14453125
2 0.78828125 0.64453125 0.075 0.13828125