1 0.875 0.90390625 0.24921875 0.19140625
4 0.2078125 0.9625 0.140625 0.075
1 0.45234375 0.759375 0.16640625 0.2484375
1 0.190625 0.79609375 0.2 0.28515625
2 0.9359375 0.79921875 0.06796875 0.12421875
2 0.56796875 0.83359375 0.08046875 0.0984375
2 0.97109375 0.96484375 0.0578125 0.0703125
2 0.83046875 0.75625 0.075 0.11484375
2 0.721875 0.921875 0.07578125 0.15546875
6 0.825 0.65234375 0.05390625 0.08515625
2 0.8390625 0.53828125 0.034375 0.04375
2 0.88671875 0.55078125 0.040625 0.04609375
2 0.8 0.496875 0.02890625 0.0296875
2 0.88203125 0.65078125 0.05859375 0.0859375
2 0.93671875 0.70703125 0.06484375 0.075