2 0.93046875 0.8296875 0.11328125 0.1921875
1 0.98046875 0.36640625 0.03828125 0.11640625
2 0.215625 0.8875 0.1625 0.225
4 0.42421875 0.7203125 0.09453125 0.18671875
1 0.8203125 0.478125 0.09609375 0.20234375
2 0.9125 0.4546875 0.0546875 0.08984375
2 0.346875 0.6296875 0.09765625 0.11484375
2 0.45703125 0.5609375 0.09375 0.1078125
2 0.9015625 0.3765625 0.0390625 0.07421875
4 0.51171875 0.4859375 0.05390625 0.11484375
3 0.059375 0.915625 0.075 0.16875
4 0.51796875 0.709375 0.08125 0.1078125
0 0.83359375 0.9625 0.04921875 0.075
3 0.7203125 0.7515625 0.084375 0.19375
3 0.83203125 0.91953125 0.0796875 0.16015625
3 0.77734375 0.76171875 0.0640625 0.1828125
4 0.57109375 0.48828125 0.04453125 0.1125