2 0.9421875 0.8984375 0.115625 0.203125
3 0.89921875 0.78125 0.071875 0.109375
6 0.9859375 0.78359375 0.02734375 0.2265625
3 0.35 0.76796875 0.09765625 0.19609375
3 0.40703125 0.77421875 0.03828125 0.10859375
2 0.6390625 0.51796875 0.09765625 0.10546875
2 0.7546875 0.62734375 0.16171875 0.1234375
3 0.75 0.92265625 0.090625 0.1546875
6 0.11171875 0.7125 0.10703125 0.2015625
3 0.43828125 0.81796875 0.0890625 0.16953125
6 0.25 0.878125 0.1859375 0.24375
6 0.16328125 0.77421875 0.13125 0.21640625
6 0.878125 0.66171875 0.13046875 0.16796875
6 0.9796875 0.70390625 0.03984375 0.1859375
2 0.43671875 0.621875 0.125 0.1875
6 0.46640625 0.52890625 0.1234375 0.19140625