2 0.75625 0.95703125 0.11796875 0.08515625
2 0.9359375 0.946875 0.12734375 0.10625
4 0.06953125 0.984375 0.13515625 0.03046875
4 0.0578125 0.7828125 0.09375 0.15859375
2 0.8078125 0.85546875 0.0890625 0.13828125
2 0.26953125 0.81484375 0.14609375 0.13828125
1 0.9828125 0.8453125 0.03359375 0.2609375
2 0.2890625 0.93203125 0.17109375 0.13515625
2 0.76875 0.7546875 0.07265625 0.10390625
1 0.9875 0.690625 0.02421875 0.14296875
2 0.78671875 0.6640625 0.05703125 0.0796875
2 0.39921875 0.7109375 0.1125 0.12421875
2 0.87890625 0.7609375 0.06640625 0.13046875
4 0.465625 0.9359375 0.11953125 0.128125
6 0.60859375 0.56640625 0.07734375 0.08515625
2 0.3921875 0.84140625 0.140625 0.12109375