2 0.946875 0.921875 0.10625 0.15625
2 0.38125 0.59609375 0.09765625 0.09609375
1 0.984375 0.37578125 0.03046875 0.1140625
1 0.82265625 0.50625 0.10390625 0.2296875
2 0.92109375 0.49375 0.05625 0.0875
2 0.4890625 0.53828125 0.08046875 0.0953125
2 0.909375 0.40859375 0.03984375 0.06796875
2 0.29375 0.76328125 0.12890625 0.16328125
3 0.76171875 0.95 0.0640625 0.1
4 0.5453125 0.64609375 0.065625 0.09609375
4 0.4625 0.6703125 0.07734375 0.15703125
1 0.08984375 0.9125 0.1796875 0.175
4 0.52890625 0.4703125 0.04296875 0.0765625
3 0.70546875 0.89609375 0.046875 0.18828125
3 0.37734375 0.94296875 0.090625 0.1140625