1 0.834375 0.7484375 0.16328125 0.43984375
2 0.94375 0.69296875 0.0828125 0.15625
1 0.121875 0.77421875 0.24375 0.4515625
2 0.384375 0.51953125 0.07109375 0.05234375
1 0.9890625 0.4140625 0.02109375 0.115625
2 0.4875 0.50703125 0.06875 0.08046875
1 0.3078125 0.77265625 0.34296875 0.4546875
2 0.9125 0.5296875 0.0578125 0.0953125
2 0.365625 0.9953125 0.1796875 0.009375
2 0.9234375 0.459375 0.053125 0.0515625
2 0.83125 0.3484375 0.04453125 0.0640625
4 0.55078125 0.52265625 0.06171875 0.11328125
4 0.60859375 0.52578125 0.04765625 0.07890625