2 0.7296875 0.92421875 0.15 0.15078125
2 0.265625 0.71875 0.1453125 0.171875
1 0.92421875 0.82421875 0.15078125 0.34296875
2 0.0609375 0.91015625 0.121875 0.1796875
2 0.47578125 0.66328125 0.11953125 0.15078125
1 0.990625 0.36015625 0.01875 0.2046875
2 0.85234375 0.4359375 0.06875 0.08984375
2 0.84140625 0.26953125 0.04921875 0.05859375
1 0.915625 0.66875 0.16875 0.41484375
2 0.33828125 0.52734375 0.0828125 0.15859375
4 0.7453125 0.58203125 0.0875 0.190625
1 0.78359375 0.2625 0.08671875 0.16328125
4 0.4265625 0.5359375 0.07109375 0.17265625
2 0.53203125 0.4984375 0.0859375 0.125