1 0.93203125 0.7625 0.13515625 0.475
2 0.13671875 0.753125 0.184375 0.1921875
4 0.30546875 0.971875 0.17421875 0.05546875
4 0.22734375 0.91015625 0.15234375 0.1796875
4 0.7671875 0.66796875 0.07578125 0.196875
2 0.88125 0.46484375 0.071875 0.103125
2 0.3640625 0.5953125 0.1109375 0.16171875
2 0.5421875 0.56171875 0.10078125 0.1359375
2 0.875 0.2640625 0.04375 0.065625
1 0.81484375 0.24921875 0.08203125 0.159375
1 0.96796875 0.20859375 0.0640625 0.11015625
4 0.40234375 0.45078125 0.06328125 0.1421875