6 0.94140625 0.94921875 0.1171875 0.10078125
4 0.15625 0.70859375 0.103125 0.2171875
2 0.67890625 0.6484375 0.0921875 0.1703125
2 0.0890625 0.96171875 0.17734375 0.07578125
1 0.4375 0.6640625 0.109375 0.1625
1 0.83515625 0.56484375 0.1421875 0.365625
1 0.32421875 0.92265625 0.1453125 0.1546875
4 0.43828125 0.4828125 0.06484375 0.14296875
6 0.9296875 0.79375 0.13984375 0.39140625
2 0.37890625 0.359375 0.07421875 0.096875
1 0.05546875 0.35078125 0.10234375 0.0953125
1 0.96484375 0.39296875 0.0703125 0.2078125
4 0.70625 0.46953125 0.04921875 0.11640625
2 0.5296875 0.41015625 0.06171875 0.0796875