2 0.1265625 0.9328125 0.25 0.134375
2 0.91328125 0.71171875 0.09140625 0.16875
2 0.95546875 0.92265625 0.0890625 0.1546875
4 0.76484375 0.97734375 0.1109375 0.0453125
1 0.37421875 0.7796875 0.10625 0.2125
1 0.825 0.41171875 0.07890625 0.17265625
1 0.98046875 0.325 0.0390625 0.1203125
2 0.90390625 0.40859375 0.05703125 0.0875
2 0.428125 0.5671875 0.0953125 0.11015625
2 0.25546875 0.66484375 0.065625 0.1359375
1 0.18515625 0.40703125 0.10390625 0.09921875
2 0.596875 0.57890625 0.07734375 0.128125
0 0.815625 0.7609375 0.0546875 0.184375
1 0.8921875 0.325 0.04609375 0.07421875
1 0.4703125 0.8578125 0.0875 0.284375
2 0.88125 0.4046875 0.10546875 0.13046875
2 0.48046875 0.47890625 0.05234375 0.10078125
2 0.284375 0.65859375 0.1171875 0.13671875
3 0.79296875 0.62578125 0.04921875 0.1140625