2 0.70703125 0.99765625 0.10859375 0.0046875
1 0.5 0.74453125 0.15234375 0.23203125
2 0.95859375 0.91640625 0.0828125 0.140625
1 0.8671875 0.99375 0.265625 0.009375
2 0.8328125 0.89453125 0.090625 0.16015625
1 0.27578125 0.8046875 0.2296875 0.2640625
4 0.30859375 0.9546875 0.10625 0.090625
2 0.79921875 0.55703125 0.0296875 0.03046875
2 0.95390625 0.8078125 0.0734375 0.0953125
1 0.2171875 0.81796875 0.1125 0.225
2 0.0171875 0.81328125 0.034375 0.09375
6 0.828125 0.74140625 0.0578125 0.10546875
2 0.8375 0.609375 0.0375 0.0484375