1 0.6953125 0.6375 0.13515625 0.13671875
1 0.07109375 0.878125 0.1421875 0.24375
0 0.67109375 0.915625 0.0390625 0.07109375
3 0.6703125 0.88515625 0.0421875 0.10546875
2 0.859375 0.7234375 0.0609375 0.0703125
3 0.9734375 0.88984375 0.0375 0.13125
1 0.5 0.76171875 0.18671875 0.246875
3 0.4109375 0.98515625 0.05625 0.0296875
1 0.4140625 0.7140625 0.090625 0.0875
2 0.575 0.634375 0.071875 0.05
6 0.5359375 0.83515625 0.1015625 0.12109375
0 0.99921875 0.63671875 0.0015625 0.078125
4 0.7359375 0.66171875 0.05390625 0.11015625
1 0.8171875 0.63046875 0.1109375 0.15625
4 0.9078125 0.64296875 0.03828125 0.08828125
4 0.953125 0.59140625 0.02890625 0.084375