2 0.7671875 0.8390625 0.09375 0.2234375
1 0.9375 0.83828125 0.125 0.3234375
2 0.903125 0.5921875 0.08359375 0.1453125
2 0.39375 0.5796875 0.1125 0.13046875
1 0.81796875 0.33359375 0.078125 0.16484375
2 0.20546875 0.703125 0.1359375 0.1734375
1 0.96953125 0.271875 0.0609375 0.10859375
1 0.38828125 0.8984375 0.12734375 0.203125
2 0.56953125 0.56484375 0.078125 0.12578125
1 0.43984375 0.45625 0.059375 0.134375
2 0.88984375 0.3328125 0.0453125 0.0671875
1 0.17109375 0.34765625 0.10625 0.10390625
2 0.878125 0.26640625 0.03671875 0.06015625