2 0.07734375 0.99140625 0.15390625 0.01640625
2 0.08046875 0.909375 0.1609375 0.18125
2 0.61171875 0.9859375 0.259375 0.02734375
2 0.0203125 0.721875 0.040625 0.178125
4 0.10078125 0.665625 0.05859375 0.11015625
4 0.14921875 0.8734375 0.09296875 0.19453125
1 0.275 0.78828125 0.16015625 0.4
3 0.1359375 0.71875 0.03203125 0.103125
4 0.10390625 0.76640625 0.07265625 0.1359375
2 0.07734375 0.56796875 0.03828125 0.084375
1 0.03828125 0.54296875 0.07578125 0.16015625
1 0.13671875 0.5015625 0.07109375 0.18046875