2 0.06171875 0.25625 0.1234375 0.40625
2 0.00703125 0.390625 0.0140625 0.525
2 0.61953125 0.17578125 0.26328125 0.35078125
4 0.53671875 0.56875 0.26015625 0.5125
3 0.45546875 0.1390625 0.08046875 0.2703125
3 0.44140625 0.03515625 0.07421875 0.06953125
2 0.0484375 0.05546875 0.096875 0.11015625
3 0.76484375 0.734375 0.17890625 0.46484375
3 0.23828125 0.0578125 0.07734375 0.115625
4 0.2796875 0.25078125 0.18046875 0.39140625
4 0.13984375 0.0515625 0.1125 0.103125
4 0.03046875 0.828125 0.06015625 0.321875
1 0.28125 0.00703125 0.203125 0.0140625