2 0.60625 0.9859375 0.26484375 0.02734375
2 0.02421875 0.6671875 0.0484375 0.1375
0 0.28515625 0.96953125 0.071875 0.0609375
0 0.44140625 0.9796875 0.07578125 0.040625
4 0.10703125 0.8875 0.096875 0.2203125
3 0.36953125 0.86328125 0.05546875 0.18203125
4 0.08203125 0.6125 0.05390625 0.12109375
2 0.015625 0.53828125 0.03125 0.08828125
4 0.12109375 0.659375 0.05390625 0.13046875
1 0.22578125 0.7046875 0.17890625 0.37578125
1 0.0484375 0.45546875 0.0640625 0.1609375
1 0.08984375 0.415625 0.05234375 0.11328125