2 0.05390625 0.2265625 0.1078125 0.390625
2 0.61953125 0.17265625 0.25703125 0.3453125
4 0.2484375 0.18203125 0.16796875 0.3640625
3 0.67421875 0.5359375 0.1375 0.39921875
4 0.4890625 0.44765625 0.215625 0.46875
3 0.44765625 0.09453125 0.07734375 0.1890625
4 0.12890625 0.03046875 0.109375 0.0609375
3 0.4359375 0.00703125 0.065625 0.0140625
3 0.21015625 0.0359375 0.07578125 0.071875
2 0.04296875 0.04609375 0.08515625 0.0921875
2 0.57890625 0.91640625 0.265625 0.1671875
1 0.2859375 0.00390625 0.19921875 0.00703125