2 0.6875 0.84375 0.24609375 0.3015625
2 0.75078125 0.34375 0.12890625 0.209375
2 0.48515625 0.471875 0.20390625 0.28125
2 0.62734375 0.5125 0.17734375 0.2828125
2 0.35703125 0.29765625 0.16484375 0.21328125
2 0.7671875 0.203125 0.09921875 0.1453125
4 0.24453125 0.421875 0.14609375 0.25546875
2 0.63046875 0.15546875 0.09375 0.14921875
2 0.69765625 0.075 0.065625 0.125
2 0.11171875 0.71796875 0.2234375 0.3734375
2 0.096875 0.46875 0.19140625 0.271875
2 0.56796875 0.01640625 0.071875 0.0328125
2 0.79140625 0.115625 0.071875 0.11796875
2 0.5171875 0.2484375 0.121875 0.20234375
2 0.63828125 0.04375 0.0734375 0.0875
2 0.809375 0.05703125 0.07265625 0.11015625
4 0.58203125 0.07265625 0.06328125 0.13046875
4 0.64140625 0.278125 0.08125 0.18203125
2 0.73828125 0.03125 0.05703125 0.0625
4 0.525 0.059375 0.05625 0.11875
2 0.39453125 0.12890625 0.09765625 0.12890625
4 0.48046875 0.01171875 0.0578125 0.0234375
2 0.46171875 0.16015625 0.08828125 0.1359375