1 0.93984375 0.90625 0.11953125 0.1875
2 0.94921875 0.7046875 0.08984375 0.1671875
2 0.54140625 0.765625 0.14140625 0.17109375
2 0.43203125 0.69296875 0.13515625 0.146875
0 0.5515625 0.9484375 0.13671875 0.103125
2 0.43203125 0.90625 0.190625 0.1875
2 0.92890625 0.5046875 0.06015625 0.09765625
2 0.82890625 0.98515625 0.18828125 0.0296875
1 0.99375 0.478125 0.0125 0.08828125
3 0.88203125 0.6109375 0.03671875 0.11953125
2 0.83203125 0.88046875 0.14140625 0.2390625
2 0.58515625 0.6375 0.08984375 0.12109375