2 0.746875 0.35625 0.1375 0.22421875
2 0.45390625 0.52578125 0.22421875 0.30546875
2 0.3328125 0.32421875 0.184375 0.23359375
2 0.68203125 0.87890625 0.26171875 0.2390625
2 0.07578125 0.52421875 0.1515625 0.2859375
4 0.20703125 0.4703125 0.16796875 0.2796875
2 0.6265625 0.16171875 0.09921875 0.1546875
2 0.08046875 0.80390625 0.16015625 0.34375
2 0.61796875 0.54375 0.19140625 0.3015625
2 0.765625 0.21328125 0.1 0.1578125
2 0.6328125 0.0484375 0.078125 0.096875
2 0.50703125 0.265625 0.134375 0.22265625
2 0.7 0.075 0.06875 0.125
4 0.57734375 0.084375 0.0625 0.13203125
4 0.51796875 0.08203125 0.06640625 0.14140625
2 0.78828125 0.11796875 0.08359375 0.12890625
2 0.8125 0.05546875 0.07265625 0.11015625
2 0.73515625 0.03125 0.065625 0.0625
2 0.39140625 0.12578125 0.10234375 0.134375
2 0.559375 0.015625 0.06640625 0.03125
4 0.69140625 0.00390625 0.04921875 0.00703125
2 0.44765625 0.1765625 0.10859375 0.17265625
2 0.81640625 0.0109375 0.06328125 0.021875
1 0.19140625 0.2046875 0.2890625 0.409375