2 0.20859375 0.8328125 0.340625 0.334375
2 0.59453125 0.4203125 0.23125 0.33671875
2 0.7015625 0.05546875 0.109375 0.11015625
2 0.31171875 0.28671875 0.16796875 0.2828125
4 0.4203125 0.07265625 0.10078125 0.1453125
2 0.82578125 0.175 0.14453125 0.2203125
2 0.6015625 0.15078125 0.17578125 0.3015625
2 0.09765625 0.4890625 0.19453125 0.35625
4 0.28984375 0.1046875 0.11640625 0.209375
4 0.44609375 0.23828125 0.12890625 0.259375
6 0.790625 0.38828125 0.165625 0.3015625
4 0.3703125 0.03828125 0.084375 0.0765625
6 0.66796875 0.74609375 0.33515625 0.4890625
2 0.1984375 0.090625 0.14375 0.18125
4 0.8453125 0.06171875 0.10078125 0.1234375
2 0.6109375 0.00859375 0.08828125 0.01640625
3 0.34453125 0.51875 0.1625 0.27421875
3 0.04921875 0.81796875 0.09765625 0.321875