2 0.846875 0.90703125 0.06640625 0.1125
2 0.89375 0.9796875 0.09140625 0.040625
3 0.62578125 0.9171875 0.04140625 0.103125
3 0.628125 0.8390625 0.03125 0.0828125
2 0.89453125 0.86328125 0.06015625 0.09375
3 0.95 0.85546875 0.03359375 0.08984375
3 0.6 0.97109375 0.05 0.0578125
2 0.7984375 0.878125 0.05703125 0.09375
3 0.3984375 0.9921875 0.06875 0.015625
3 0.73671875 0.83359375 0.02734375 0.08125
3 0.70078125 0.821875 0.028125 0.08828125
3 0.6625 0.8140625 0.028125 0.09140625
1 0.7890625 0.67734375 0.07578125 0.10234375
6 0.81875 0.81015625 0.07421875 0.10234375