2 0.7375 0.3625 0.13359375 0.22421875
2 0.875 0.153125 0.08359375 0.134375
2 0.65234375 0.225 0.11640625 0.1890625
2 0.54921875 0.12890625 0.109375 0.1578125
2 0.37734375 0.196875 0.13984375 0.17265625
2 0.23203125 0.53671875 0.29921875 0.4046875
2 0.6234375 0.0484375 0.084375 0.096875
2 0.79609375 0.12109375 0.075 0.12890625
2 0.75234375 0.0296875 0.06171875 0.05859375
2 0.4984375 0.81875 0.271875 0.3546875
2 0.92109375 0.0125 0.0640625 0.025
2 0.7015625 0.00078125 0.05546875 0.0015625
2 0.84453125 0.05859375 0.05546875 0.09921875
2 0.88984375 0.03671875 0.05078125 0.0734375
2 0.82890625 0.01484375 0.05625 0.0296875