2 0.74609375 0.36796875 0.14375 0.2203125
4 0.17890625 0.5015625 0.18046875 0.29765625
2 0.6234375 0.165625 0.10703125 0.146875
2 0.31796875 0.346875 0.19140625 0.24453125
4 0.57421875 0.0875 0.06171875 0.13046875
2 0.76484375 0.21484375 0.103125 0.1578125
2 0.428125 0.565625 0.22734375 0.31796875
4 0.50234375 0.09296875 0.071875 0.14140625
2 0.675 0.896875 0.25859375 0.1875
2 0.61171875 0.57265625 0.19609375 0.303125
2 0.63046875 0.04765625 0.075 0.0953125
2 0.4984375 0.2796875 0.14296875 0.23515625
2 0.69609375 0.07265625 0.06953125 0.1234375
2 0.790625 0.1140625 0.08125 0.12109375
4 0.69296875 0.00390625 0.04609375 0.00703125
2 0.06171875 0.56796875 0.1234375 0.2828125
2 0.73515625 0.03125 0.06484375 0.0625
2 0.42421875 0.19765625 0.10390625 0.15625
2 0.0546875 0.85625 0.109375 0.28671875
2 0.81015625 0.05546875 0.07734375 0.10625
2 0.81953125 0.003125 0.059375 0.00546875
3 0.72578125 0.0921875 0.03671875 0.11015625
2 0.39453125 0.1375 0.13046875 0.12890625
2 0.553125 0.021875 0.07265625 0.04375
4 0.41796875 0.04765625 0.06953125 0.0953125
4 0.45546875 0.0203125 0.065625 0.040625