2 0.55703125 0.72421875 0.12265625 0.1578125
2 0.95625 0.92421875 0.0875 0.1515625
2 0.85234375 0.64375 0.096875 0.1578125
0 0.54921875 0.95234375 0.13828125 0.0953125
2 0.44765625 0.90078125 0.171875 0.1984375
1 0.98046875 0.63671875 0.03828125 0.1890625
2 0.95234375 0.57109375 0.05625 0.11953125
3 0.671875 0.93515625 0.078125 0.1296875
3 0.44140625 0.72734375 0.05 0.134375
3 0.778125 0.79375 0.05859375 0.13203125
2 0.76953125 0.953125 0.228125 0.09375
2 0.50234375 0.66640625 0.08359375 0.11953125