2 0.95546875 0.65625 0.07578125 0.13984375
0 0.55078125 0.94765625 0.1375 0.1046875
2 0.84453125 0.95078125 0.1640625 0.0984375
2 0.47421875 0.85390625 0.16953125 0.2
2 0.29453125 0.81796875 0.1625 0.1765625
2 0.50546875 0.7078125 0.13984375 0.13203125
2 0.94296875 0.4796875 0.04453125 0.084375
2 0.85390625 0.81875 0.115625 0.21875
3 0.88515625 0.61640625 0.03203125 0.1046875
1 0.99609375 0.4421875 0.00703125 0.075
2 0.96484375 0.41484375 0.03984375 0.0640625
2 0.834375 0.7078125 0.08359375 0.1546875
3 0.81484375 0.7171875 0.05078125 0.14375
1 0.975 0.8375 0.05 0.325