2 0.96015625 0.6296875 0.075 0.134375
2 0.85625 0.92421875 0.153125 0.1515625
2 0.83671875 0.6890625 0.08515625 0.146875
0 0.55234375 0.975 0.13359375 0.05
2 0.86640625 0.77734375 0.11015625 0.20625
2 0.425 0.89765625 0.19765625 0.20390625
2 0.95078125 0.46171875 0.04765625 0.07734375
2 0.9984375 0.43125 0.003125 0.071875
2 0.42890625 0.775 0.171875 0.1453125
3 0.909375 0.56640625 0.03515625 0.12890625
4 0.54375 0.659375 0.07890625 0.15234375
2 0.95859375 0.41015625 0.04453125 0.06640625
2 0.6109375 0.6890625 0.07421875 0.13203125
1 0.97734375 0.82265625 0.04453125 0.3546875