2 0.25546875 0.99765625 0.1015625 0.0046875
2 0.18671875 0.93828125 0.07578125 0.1234375
2 0.11953125 0.9578125 0.0875 0.084375
2 0.08515625 0.83125 0.05859375 0.09921875
2 0.02734375 0.80234375 0.05 0.07890625
3 0.303125 0.93125 0.03359375 0.08984375
2 0.16953125 0.85078125 0.0671875 0.084375
2 0.1390625 0.81015625 0.04609375 0.08046875
1 0.2171875 0.765625 0.06953125 0.14921875
4 0.175 0.759375 0.028125 0.06796875
1 0.14609375 0.68359375 0.05390625 0.0984375
3 0.415625 0.98203125 0.0375 0.0359375