2 0.36875 0.78671875 0.26484375 0.3859375
2 0.22890625 0.47265625 0.25 0.29765625
4 0.04375 0.75859375 0.0875 0.39921875
2 0.76328125 0.2453125 0.109375 0.1859375
2 0.7359375 0.43125 0.15703125 0.2484375
2 0.58359375 0.69375 0.21484375 0.365625
2 0.79296875 0.128125 0.0875 0.1375
2 0.60703125 0.21171875 0.11640625 0.17265625
2 0.69609375 0.06796875 0.07265625 0.1359375
4 0.57265625 0.11640625 0.07109375 0.15625
2 0.51171875 0.0921875 0.08828125 0.13984375
2 0.81953125 0.05703125 0.06953125 0.1140625
4 0.68828125 0.01015625 0.05546875 0.0203125
2 0.46015625 0.34765625 0.17734375 0.271875
2 0.821875 0.009375 0.06015625 0.01875
2 0.62265625 0.0625 0.075 0.125
2 0.5328125 0.034375 0.08671875 0.06796875
2 0.74453125 0.03046875 0.06015625 0.0609375
2 0.39296875 0.25859375 0.16015625 0.21484375
4 0.43671875 0.134375 0.0875 0.12109375