2 0.88359375 0.90703125 0.08203125 0.13046875
2 0.7015625 0.9609375 0.109375 0.078125
4 0.4203125 0.978125 0.10078125 0.04375
2 0.60078125 0.98203125 0.1765625 0.0359375
4 0.28984375 0.9953125 0.11640625 0.009375
2 0.828125 0.85 0.06640625 0.1125
4 0.3703125 0.9484375 0.084375 0.103125
2 0.19921875 0.990625 0.14375 0.01875
3 0.9390625 0.9359375 0.03046875 0.0953125
4 0.8453125 0.96484375 0.10078125 0.06953125
2 0.6109375 0.93671875 0.08828125 0.1265625
2 0.80234375 0.77421875 0.05625 0.0921875
2 0.91171875 0.83359375 0.05859375 0.09765625
3 0.771875 0.90703125 0.03125 0.08984375
3 0.94140625 0.890625 0.03671875 0.08984375
2 0.91640625 0.765625 0.05390625 0.075
3 0.95546875 0.803125 0.03046875 0.08125
2 0.86640625 0.7515625 0.05390625 0.084375
2 0.70703125 0.90625 0.0875 0.12890625
3 0.76015625 0.83515625 0.03046875 0.075
1 0.4796875 0.81640625 0.19453125 0.25234375
1 0.65859375 0.67421875 0.1078125 0.146875