2 0.86171875 0.63203125 0.09140625 0.146875
2 0.78125 0.953125 0.21015625 0.09375
2 0.95390625 0.903125 0.09140625 0.19296875
0 0.55 0.94921875 0.13515625 0.10078125
2 0.53515625 0.75078125 0.13125 0.16015625
2 0.41328125 0.9171875 0.19921875 0.165625
2 0.98203125 0.61875 0.03515625 0.1671875
3 0.33984375 0.840625 0.08671875 0.175
2 0.57109375 0.58828125 0.09453125 0.10625
3 0.41484375 0.75625 0.05078125 0.134375
2 0.95703125 0.553125 0.053125 0.1140625
3 0.69375 0.915625 0.05859375 0.16875
2 0.478125 0.68125 0.10390625 0.134375
3 0.7984375 0.77109375 0.04921875 0.11953125