2 0.3078125 0.3578125 0.196875 0.25546875
4 0.159375 0.52734375 0.18984375 0.30546875
2 0.74453125 0.37421875 0.14375 0.22265625
2 0.60390625 0.58671875 0.2 0.31640625
2 0.76484375 0.2171875 0.10390625 0.16171875
2 0.49609375 0.29140625 0.153125 0.2484375
2 0.41953125 0.58984375 0.23515625 0.33125
4 0.49453125 0.0984375 0.078125 0.14140625
2 0.621875 0.1671875 0.10859375 0.165625
4 0.575 0.09296875 0.06015625 0.134375
2 0.78984375 0.11796875 0.08046875 0.125
2 0.62890625 0.05 0.08359375 0.09921875
2 0.41796875 0.2046875 0.10703125 0.18203125
2 0.73671875 0.03203125 0.06015625 0.0640625
2 0.3875 0.134375 0.11875 0.13203125
4 0.68984375 0.00625 0.04609375 0.0125
2 0.05078125 0.5765625 0.1 0.27734375
2 0.6671875 0.90546875 0.24921875 0.175
2 0.8171875 0.00703125 0.0625 0.0140625
2 0.69921875 0.0765625 0.059375 0.11953125
2 0.54765625 0.04765625 0.07578125 0.0953125
2 0.80390625 0.05546875 0.07265625 0.10625
3 0.7265625 0.090625 0.03671875 0.10859375
2 0.0375 0.85546875 0.075 0.28828125