2 0.68671875 0.85078125 0.24765625 0.2796875
2 0.75078125 0.35 0.13359375 0.21484375
2 0.62578125 0.51953125 0.18046875 0.28828125
2 0.34765625 0.309375 0.17421875 0.21875
4 0.23359375 0.43203125 0.153125 0.26484375
2 0.7671875 0.20390625 0.09921875 0.146875
2 0.47421875 0.48828125 0.21171875 0.28828125
2 0.090625 0.4859375 0.17890625 0.2703125
2 0.56484375 0.0171875 0.0796875 0.034375
2 0.103125 0.75390625 0.20625 0.36796875
2 0.69921875 0.075 0.06640625 0.125
2 0.8125 0.05703125 0.07265625 0.1140625
4 0.57890625 0.08125 0.06328125 0.12890625
2 0.62890625 0.1609375 0.096875 0.14921875
2 0.51171875 0.25859375 0.11953125 0.20390625
2 0.79296875 0.11875 0.078125 0.11953125
2 0.63984375 0.0453125 0.08125 0.08984375
4 0.52265625 0.065625 0.059375 0.1234375
4 0.63671875 0.2921875 0.08203125 0.19453125
2 0.73671875 0.03046875 0.0625 0.0609375
2 0.39453125 0.125 0.1 0.13203125
4 0.69609375 0.003125 0.04609375 0.00546875
4 0.4765625 0.0125 0.059375 0.025