2 0.58203125 0.709375 0.22265625 0.36796875
2 0.734375 0.440625 0.16015625 0.259375
2 0.76328125 0.25 0.11171875 0.1875
2 0.36640625 0.80078125 0.28046875 0.36953125
2 0.7921875 0.12890625 0.08828125 0.14375
2 0.60546875 0.21875 0.11640625 0.1765625
3 0.38515625 0.5328125 0.1 0.2171875
2 0.21640625 0.49375 0.26484375 0.30703125
2 0.45703125 0.35859375 0.184375 0.26875
2 0.621875 0.06640625 0.07890625 0.125
4 0.68671875 0.009375 0.05234375 0.01875
2 0.69609375 0.07109375 0.07109375 0.1265625
4 0.47578125 0.00390625 0.06484375 0.00703125
2 0.81953125 0.05703125 0.06640625 0.1140625
4 0.5703125 0.12421875 0.06953125 0.14921875
2 0.50546875 0.09765625 0.09921875 0.146875
2 0.82265625 0.01015625 0.06015625 0.0203125
2 0.7421875 0.0296875 0.06328125 0.05859375
4 0.0296875 0.7828125 0.059375 0.3640625
3 0.71953125 0.09765625 0.03359375 0.10625
4 0.43046875 0.1390625 0.08359375 0.115625
2 0.5265625 0.04375 0.096875 0.0875