1 0.9609375 0.87109375 0.078125 0.25703125
2 0.953125 0.67578125 0.07890625 0.14921875
2 0.83125 0.9625 0.16875 0.075
2 0.5 0.81796875 0.15859375 0.19453125
2 0.33828125 0.77421875 0.15390625 0.165625
0 0.55078125 0.95 0.1375 0.09921875
2 0.93828125 0.4875 0.05 0.08828125
2 0.5390625 0.68125 0.13046875 0.134375
2 0.3703125 0.94375 0.221875 0.1125
1 0.9953125 0.41015625 0.009375 0.1546875
2 0.846875 0.84375 0.12265625 0.24296875
3 0.8734375 0.634375 0.034375 0.10625
3 0.8921875 0.58125 0.03203125 0.10625
2 0.96484375 0.415625 0.04296875 0.06640625