2 0.371875 0.76640625 0.26484375 0.4046875
2 0.7625 0.2390625 0.10859375 0.18046875
2 0.60859375 0.20390625 0.11328125 0.1765625
4 0.06171875 0.72109375 0.1234375 0.4140625
2 0.73671875 0.42265625 0.15546875 0.25
2 0.2453125 0.453125 0.24296875 0.3
2 0.79296875 0.12421875 0.08828125 0.1375
2 0.5875 0.67734375 0.21640625 0.3546875
2 0.696875 0.06875 0.07265625 0.1265625
2 0.51171875 0.084375 0.0875 0.125
2 0.62421875 0.0609375 0.07421875 0.12109375
2 0.534375 0.0328125 0.08125 0.065625
4 0.68828125 0.00859375 0.053125 0.01640625
2 0.81640625 0.05546875 0.06875 0.11015625
4 0.57421875 0.1109375 0.06484375 0.14921875
2 0.82109375 0.00859375 0.06015625 0.01640625
2 0.43671875 0.321875 0.22890625 0.290625
2 0.7375 0.0296875 0.06484375 0.05859375
3 0.43203125 0.5015625 0.09609375 0.20234375
4 0.4453125 0.13671875 0.084375 0.1234375