2 0.78203125 0.75703125 0.13828125 0.228125
2 0.7703125 0.9890625 0.20078125 0.021875
2 0.50703125 0.84296875 0.14765625 0.18203125
0 0.5484375 0.95390625 0.134375 0.0921875
2 0.56640625 0.740625 0.13359375 0.15078125
1 0.9734375 0.82265625 0.053125 0.3546875
2 0.9828125 0.5109375 0.034375 0.090625
2 0.93828125 0.72578125 0.08515625 0.2171875
4 0.44375 0.696875 0.08984375 0.1578125
2 0.50859375 0.62890625 0.103125 0.1140625
4 0.3953125 0.92890625 0.14921875 0.14140625
2 0.9671875 0.61796875 0.065625 0.103125