2 0.46328125 0.50703125 0.21953125 0.29375
2 0.34140625 0.3171875 0.171875 0.22578125
2 0.6828125 0.86484375 0.253125 0.2703125
2 0.74921875 0.35078125 0.13125 0.2171875
2 0.61953125 0.528125 0.18359375 0.2921875
2 0.6296875 0.15703125 0.10078125 0.15625
4 0.21953125 0.4515625 0.1625 0.27734375
2 0.0828125 0.50390625 0.165625 0.2796875
2 0.09609375 0.7875 0.19140625 0.3734375
2 0.7671875 0.20703125 0.10078125 0.14921875
2 0.70078125 0.075 0.07109375 0.125
2 0.7890625 0.121875 0.08203125 0.13046875
2 0.6375 0.04609375 0.07890625 0.0921875
2 0.50859375 0.259375 0.12578125 0.21328125
4 0.578125 0.08203125 0.06640625 0.14140625
2 0.81171875 0.053125 0.071875 0.10625
4 0.5203125 0.08125 0.06796875 0.14375
2 0.7359375 0.02734375 0.065625 0.0546875
2 0.4578125 0.16015625 0.109375 0.1546875
2 0.39609375 0.1234375 0.10546875 0.13203125
2 0.56171875 0.01953125 0.07109375 0.03828125
2 0.81484375 0.01171875 0.0578125 0.0234375
4 0.69453125 0.00078125 0.046875 0.0015625