2 0.48125 0.85859375 0.16015625 0.19453125
2 0.84453125 0.6625 0.09921875 0.16328125
2 0.95625 0.946875 0.0875 0.10625
2 0.80234375 0.90625 0.14921875 0.1875
2 0.5765625 0.69765625 0.109375 0.16015625
0 0.54609375 0.95234375 0.14453125 0.0953125
3 0.65859375 0.965625 0.08125 0.06796875
1 0.978125 0.6640625 0.04375 0.196875
2 0.95078125 0.57890625 0.05859375 0.13203125
2 0.2703125 0.815625 0.15078125 0.1671875
3 0.46640625 0.70234375 0.046875 0.12109375
2 0.98203125 0.4359375 0.03515625 0.06640625