2 0.3859375 0.7078125 0.240625 0.37890625
2 0.73984375 0.4046875 0.15 0.24296875
2 0.76171875 0.23125 0.10703125 0.17265625
2 0.61328125 0.1890625 0.11015625 0.17265625
2 0.7890625 0.1265625 0.084375 0.1359375
2 0.26953125 0.4078125 0.21953125 0.2796875
2 0.52265625 0.06953125 0.07890625 0.13203125
2 0.69765625 0.06640625 0.071875 0.13203125
2 0.59453125 0.6453125 0.20625 0.334375
4 0.08828125 0.6359375 0.1765625 0.365625
4 0.68984375 0.0046875 0.05 0.009375
2 0.625 0.0578125 0.075 0.115625
2 0.7359375 0.0296875 0.065625 0.05859375
4 0.571875 0.10625 0.06015625 0.1359375
2 0.41796875 0.20390625 0.153125 0.1984375
3 0.48359375 0.44375 0.090625 0.1890625
2 0.815625 0.05390625 0.065625 0.1078125
2 0.81953125 0.0046875 0.06015625 0.009375
4 0.45625 0.140625 0.08515625 0.15625
2 0.53828125 0.0265625 0.0875 0.053125