2 0.38515625 0.859375 0.278125 0.27421875
4 0.22890625 0.40546875 0.14296875 0.321875
2 0.4234375 0.48046875 0.259375 0.46484375
3 0.44609375 0.24453125 0.071875 0.19453125
2 0.34765625 0.053125 0.11328125 0.10625
4 0.68203125 0.734375 0.24609375 0.45
4 0.57109375 0.471875 0.16171875 0.3109375
3 0.40703125 0.10546875 0.05546875 0.15625
3 0.8734375 0.68046875 0.153125 0.375
3 0.72890625 0.49140625 0.11328125 0.240625
3 0.19921875 0.1234375 0.059375 0.18359375
3 0.58515625 0.2671875 0.07578125 0.17109375
2 0.525 0.07421875 0.1 0.1484375
3 0.246875 0.22734375 0.06015625 0.1375
3 0.63671875 0.1265625 0.08203125 0.165625
3 0.56328125 0.1671875 0.05234375 0.12890625
4 0.44609375 0.0046875 0.0625 0.009375
3 0.6890625 0.19140625 0.078125 0.1578125
3 0.1109375 0.046875 0.04296875 0.09375