2 0.12578125 0.64375 0.2484375 0.28984375
1 0.2359375 0.1796875 0.27109375 0.35625
2 0.51328125 0.4296875 0.178125 0.21328125
2 0.69296875 0.82109375 0.178125 0.325
2 0.10859375 0.43359375 0.209375 0.203125
2 0.38515625 0.27265625 0.134375 0.17109375
2 0.63671875 0.5015625 0.153125 0.23515625
2 0.16015625 0.93046875 0.3109375 0.13828125
2 0.75625 0.3390625 0.11953125 0.1734375
2 0.415625 0.1140625 0.0875 0.1078125
2 0.28046875 0.38046875 0.11796875 0.22109375
2 0.378125 0.91875 0.1234375 0.15703125
2 0.76484375 0.203125 0.090625 0.09765625
2 0.8171875 0.01171875 0.05625 0.0234375
2 0.70546875 0.078125 0.08515625 0.10390625
2 0.653125 0.03125 0.075 0.0625
2 0.5109375 0.22265625 0.13046875 0.19609375
2 0.58984375 0.02734375 0.0640625 0.0546875
2 0.73203125 0.0140625 0.05390625 0.02734375
2 0.78515625 0.11328125 0.071875 0.08515625
2 0.48671875 0.1265625 0.10234375 0.10234375
2 0.51640625 0.259375 0.103125 0.11953125
2 0.63359375 0.1390625 0.08046875 0.09609375