2 0.36015625 0.815625 0.27578125 0.3546875
2 0.76328125 0.25390625 0.11328125 0.1875
2 0.73203125 0.45 0.16328125 0.26875
2 0.19453125 0.5171875 0.28828125 0.32890625
2 0.60390625 0.225 0.115625 0.1859375
2 0.57734375 0.7203125 0.22109375 0.375
2 0.7921875 0.1296875 0.08828125 0.14921875
2 0.45234375 0.3703125 0.18515625 0.28125
4 0.68671875 0.01015625 0.053125 0.0203125
2 0.5015625 0.10546875 0.09453125 0.15234375
2 0.6953125 0.06875 0.071875 0.13046875
3 0.36640625 0.55625 0.09921875 0.2296875
4 0.5703125 0.121875 0.071875 0.14921875
2 0.73984375 0.0296875 0.07109375 0.05859375
4 0.471875 0.0046875 0.05859375 0.009375
2 0.8234375 0.05703125 0.06328125 0.1140625
2 0.6203125 0.06796875 0.078125 0.13203125
2 0.82265625 0.00859375 0.059375 0.01640625
4 0.40859375 0.05546875 0.08828125 0.11015625
2 0.3703125 0.28984375 0.159375 0.21171875
4 0.42734375 0.15703125 0.08515625 0.13046875