2 0.74609375 0.359375 0.140625 0.22265625
2 0.43984375 0.54765625 0.225 0.31640625
2 0.62578125 0.1625 0.10546875 0.15234375
2 0.32421875 0.33671875 0.18515625 0.23515625
2 0.6140625 0.55703125 0.19296875 0.30546875
4 0.19140625 0.4859375 0.17578125 0.2921875
2 0.76484375 0.2125 0.10078125 0.15625
2 0.78984375 0.115625 0.08359375 0.125
2 0.69765625 0.07421875 0.06796875 0.1234375
2 0.06796875 0.55078125 0.13515625 0.303125
2 0.6734375 0.88984375 0.259375 0.2203125
2 0.63203125 0.046875 0.07890625 0.09375
2 0.50078125 0.27734375 0.134375 0.2203125
4 0.51171875 0.08515625 0.07109375 0.14140625
4 0.57890625 0.08125 0.06171875 0.13203125
2 0.06875 0.83125 0.1375 0.3234375
2 0.73515625 0.03203125 0.06484375 0.0640625
4 0.69453125 0.003125 0.04609375 0.00546875
2 0.39765625 0.1296875 0.128125 0.134375
2 0.8125 0.05078125 0.07109375 0.10078125
2 0.434375 0.18125 0.10625 0.175
2 0.81796875 0.00390625 0.05859375 0.00703125