1 0.8796875 0.95078125 0.240625 0.0984375
2 0.87890625 0.83984375 0.121875 0.2203125
2 0.74453125 0.990625 0.178125 0.01875
2 0.890625 0.6828125 0.08515625 0.15234375
2 0.5171875 0.809375 0.15703125 0.1859375
0 0.55234375 0.94921875 0.14296875 0.10078125
4 0.4109375 0.77265625 0.10546875 0.1859375
2 0.971875 0.5453125 0.05625 0.1125
2 0.8328125 0.63671875 0.08203125 0.1375
2 0.9609375 0.4171875 0.03828125 0.06640625
3 0.93046875 0.49453125 0.03359375 0.0921875
2 0.51484375 0.69296875 0.13125 0.12890625