2 0.88515625 0.99921875 0.09921875 0.0015625
2 0.85 0.9046875 0.06875 0.1140625
3 0.59765625 0.94375 0.04765625 0.1125
3 0.55703125 0.99609375 0.06328125 0.00703125
2 0.89296875 0.85859375 0.059375 0.0953125
3 0.946875 0.86875 0.03125 0.09765625
3 0.61015625 0.85078125 0.03203125 0.08828125
2 0.82109375 0.884375 0.103125 0.11796875
3 0.64296875 0.8296875 0.025 0.08671875
3 0.68125 0.83984375 0.02578125 0.09765625
3 0.7203125 0.8453125 0.03359375 0.08828125
3 0.6890625 0.790625 0.028125 0.06484375
3 0.72421875 0.79921875 0.025 0.0578125
6 0.815625 0.80625 0.065625 0.096875
2 0.75390625 0.76796875 0.04453125 0.0703125
2 0.85234375 0.68359375 0.03828125 0.05625
1 0.7859375 0.68203125 0.07109375 0.09921875