2 0.3796875 0.740625 0.253125 0.3859375
2 0.5890625 0.6625 0.21953125 0.34765625
2 0.73984375 0.41640625 0.15234375 0.2515625
2 0.26015625 0.43359375 0.22890625 0.28671875
2 0.76171875 0.234375 0.109375 0.175
4 0.07578125 0.6828125 0.1515625 0.3875
2 0.61015625 0.196875 0.11015625 0.17265625
2 0.51640625 0.0765625 0.08359375 0.1265625
2 0.79140625 0.1265625 0.08828125 0.13984375
4 0.6890625 0.00625 0.053125 0.0125
2 0.696875 0.071875 0.07109375 0.125
4 0.57421875 0.1078125 0.06484375 0.14140625
2 0.5375 0.0265625 0.08359375 0.053125
2 0.73515625 0.03046875 0.06640625 0.0609375
2 0.81640625 0.05390625 0.0703125 0.1078125
2 0.62265625 0.05859375 0.0765625 0.1171875
2 0.8203125 0.00703125 0.0625 0.0140625
4 0.45546875 0.1359375 0.078125 0.13203125
2 0.60078125 0.40625 0.09921875 0.2390625
3 0.45546875 0.4640625 0.08515625 0.19296875