2 0.3046875 0.6703125 0.290625 0.53828125
4 0.18359375 0.23828125 0.12109375 0.27734375
4 0.55234375 0.48515625 0.18125 0.3453125
2 0.33828125 0.28125 0.19296875 0.3421875
2 0.328125 0.03671875 0.10390625 0.0734375
3 0.73671875 0.45 0.10859375 0.26484375
4 0.47734375 0.30390625 0.13359375 0.2703125
2 0.8546875 0.7703125 0.290625 0.459375
3 0.734375 0.83359375 0.15859375 0.303125
3 0.09140625 0.01640625 0.04765625 0.0328125
3 0.61796875 0.3375 0.08359375 0.21484375
3 0.16796875 0.0515625 0.053125 0.103125
3 0.3890625 0.1421875 0.059375 0.17109375
3 0.1671875 0.0515625 0.053125 0.103125