2 0.290625 0.171875 0.15625 0.2921875
2 0.25078125 0.45703125 0.23046875 0.41328125
4 0.4828125 0.36015625 0.153125 0.3015625
4 0.41640625 0.21328125 0.11484375 0.2203125
2 0.31640625 0.0265625 0.096875 0.053125
4 0.15390625 0.14453125 0.09765625 0.23359375
2 0.8203125 0.6671875 0.359375 0.5328125
3 0.62890625 0.5359375 0.11640625 0.31796875
2 0.52265625 0.07890625 0.10546875 0.1578125
3 0.153125 0.02265625 0.046875 0.0453125
3 0.36484375 0.09375 0.04453125 0.1359375
3 0.54921875 0.24453125 0.06875 0.19453125
3 0.65390625 0.30703125 0.07734375 0.16171875
3 0.446875 0.07734375 0.05390625 0.1140625