2 0.9 0.821875 0.2 0.35
2 0.34765625 0.77265625 0.3 0.4390625
2 0.3765625 0.3625 0.21953125 0.39375
4 0.20390625 0.31796875 0.12734375 0.2828125
4 0.52109375 0.3859375 0.15 0.26875
2 0.334375 0.04375 0.109375 0.0875
4 0.60390625 0.58828125 0.20078125 0.3859375
3 0.8015625 0.553125 0.13828125 0.31640625
3 0.66953125 0.4015625 0.09296875 0.21171875
3 0.41484375 0.18359375 0.0625 0.15078125
3 0.09765625 0.0265625 0.04375 0.053125
3 0.2140625 0.15234375 0.04453125 0.11015625
2 0.515625 0.07734375 0.125 0.1546875
3 0.18203125 0.0734375 0.05625 0.146875
3 0.53515625 0.21015625 0.08203125 0.14921875
3 0.690625 0.20546875 0.07109375 0.12734375
3 0.6375 0.153125 0.06328125 0.11640625