4 0.3625 0.134375 0.12265625 0.24609375
2 0.54296875 0.52734375 0.25390625 0.3859375
4 0.44453125 0.246875 0.12734375 0.2515625
2 0.29453125 0.41875 0.21875 0.3421875
2 0.7 0.05390625 0.10625 0.1078125
2 0.084375 0.19609375 0.16875 0.25546875
6 0.78515625 0.36484375 0.165625 0.35234375
2 0.82890625 0.17578125 0.13125 0.21875
2 0.07109375 0.65625 0.14140625 0.49296875
4 0.2859375 0.109375 0.11328125 0.21875
3 0.9328125 0.0484375 0.04375 0.096875
2 0.5984375 0.15625 0.184375 0.3125
2 0.66953125 0.75390625 0.33046875 0.4703125
2 0.1484375 0.2546875 0.165625 0.28515625
2 0.49375 0.11640625 0.10625 0.19296875
1 0.36484375 0.040625 0.25546875 0.08125
4 0.84453125 0.0578125 0.10625 0.115625