2 0.884375 0.90625 0.07890625 0.12890625
2 0.70078125 0.9640625 0.10859375 0.071875
4 0.30078125 0.98984375 0.109375 0.0203125
2 0.82734375 0.846875 0.06796875 0.1125
2 0.60234375 0.98046875 0.18515625 0.03828125
3 0.93515625 0.97890625 0.04296875 0.0421875
2 0.79921875 0.77109375 0.06015625 0.09375
3 0.77578125 0.9234375 0.03359375 0.10859375
2 0.909375 0.834375 0.05625 0.09921875
2 0.70546875 0.90703125 0.0875 0.14140625
2 0.73046875 0.82109375 0.078125 0.10859375
2 0.9203125 0.76640625 0.059375 0.08125
3 0.94453125 0.88515625 0.03359375 0.09375
3 0.95390625 0.81640625 0.03203125 0.08125
4 0.8421875 0.97109375 0.096875 0.0578125
2 0.72109375 0.7171875 0.04765625 0.084375
1 0.378125 0.8671875 0.246875 0.265625
1 0.6203125 0.7 0.125 0.178125