2 0.56484375 0.48046875 0.24765625 0.365625
4 0.384375 0.10625 0.11875 0.2125
4 0.44453125 0.24140625 0.13125 0.259375
2 0.08046875 0.5953125 0.16015625 0.4671875
2 0.70078125 0.05546875 0.11015625 0.11015625
2 0.190625 0.21171875 0.15390625 0.26875
2 0.1015625 0.159375 0.196875 0.2515625
2 0.29921875 0.38359375 0.20625 0.321875
2 0.78515625 0.43203125 0.17109375 0.29765625
2 0.82265625 0.17578125 0.14609375 0.22265625
2 0.60234375 0.15625 0.18515625 0.3125
2 0.67265625 0.74609375 0.32578125 0.48515625
3 0.93515625 0.0265625 0.0375 0.053125
2 0.49453125 0.1140625 0.10703125 0.1875
2 0.609375 0.0125 0.0875 0.025
4 0.31484375 0.0890625 0.09921875 0.178125
2 0.8515625 0.0203125 0.07578125 0.040625
3 0.05 0.87890625 0.1 0.23125
4 0.84296875 0.06171875 0.09609375 0.1234375
1 0.3828125 0.04140625 0.25078125 0.0828125