2 0.88515625 0.90625 0.08203125 0.13203125
4 0.38515625 0.99375 0.11875 0.0125
2 0.70078125 0.9625 0.11015625 0.075
2 0.828125 0.846875 0.06875 0.115625
2 0.60234375 0.98125 0.18515625 0.03671875
3 0.93515625 0.97578125 0.0375 0.04765625
3 0.77578125 0.91875 0.03359375 0.11015625
2 0.80078125 0.771875 0.06015625 0.0953125
2 0.90859375 0.83125 0.06015625 0.103125
2 0.53359375 0.85078125 0.06640625 0.12109375
2 0.61015625 0.93828125 0.08671875 0.1234375
2 0.91875 0.76875 0.05859375 0.07734375
2 0.73125 0.82421875 0.08359375 0.1125
4 0.31484375 0.98515625 0.09921875 0.0296875
3 0.95390625 0.815625 0.03125 0.07890625
2 0.8515625 0.95859375 0.07578125 0.0828125
4 0.84296875 0.9703125 0.09609375 0.05859375
2 0.70546875 0.90546875 0.0875 0.134375
3 0.9484375 0.8859375 0.034375 0.11015625
2 0.86484375 0.753125 0.05703125 0.08984375
3 0.81171875 0.925 0.03359375 0.1140625
1 0.38203125 0.86171875 0.2515625 0.2765625
1 0.628125 0.7 0.12734375 0.1734375