2 0.2640625 0.52109375 0.240625 0.44296875
4 0.5046875 0.40546875 0.15703125 0.3140625
4 0.43515625 0.23828125 0.11640625 0.24453125
2 0.31640625 0.03125 0.1 0.0625
4 0.16484375 0.175 0.103125 0.25
3 0.678125 0.3703125 0.07890625 0.21875
2 0.30625 0.2046875 0.175 0.3109375
2 0.8390625 0.7078125 0.321875 0.51875
3 0.65859375 0.6203125 0.12890625 0.34765625
3 0.15859375 0.034375 0.04921875 0.06796875
2 0.52578125 0.078125 0.103125 0.15625
3 0.090625 0.0015625 0.040625 0.003125
3 0.46015625 0.0953125 0.05625 0.125
3 0.56875 0.26953125 0.06640625 0.2078125