2 0.58828125 0.43125 0.23359375 0.34765625
2 0.30859375 0.31640625 0.18046875 0.28671875
4 0.4109375 0.08515625 0.103125 0.1703125
3 0.246875 0.6265625 0.18984375 0.30546875
2 0.0921875 0.521875 0.184375 0.38203125
2 0.70234375 0.05703125 0.10703125 0.1140625
2 0.16640625 0.1109375 0.1640625 0.221875
4 0.44453125 0.2390625 0.12734375 0.2609375
2 0.83046875 0.175 0.134375 0.2171875
6 0.7921875 0.371875 0.1625 0.38046875
2 0.67109375 0.74140625 0.33125 0.5015625
2 0.60390625 0.153125 0.1703125 0.30625
2 0.2625 0.13125 0.13359375 0.22578125
4 0.353125 0.05546875 0.09140625 0.11015625
2 0.609375 0.00703125 0.0875 0.0140625
3 0.9375 0.00078125 0.0375 0.0015625
2 0.49765625 0.1109375 0.09765625 0.175
4 0.84375 0.06328125 0.1 0.1265625
1 0.44765625 0.00078125 0.22421875 0.0015625