4 0.4109375 0.9796875 0.103125 0.040625
2 0.884375 0.9078125 0.08125 0.13203125
2 0.70234375 0.96015625 0.10703125 0.07890625
2 0.16640625 0.99765625 0.1640625 0.0046875
2 0.82734375 0.85078125 0.065625 0.1140625
2 0.6046875 0.98046875 0.16953125 0.03828125
2 0.8015625 0.77421875 0.059375 0.09921875
4 0.353125 0.9625 0.09140625 0.075
2 0.61015625 0.93828125 0.08671875 0.1234375
3 0.9375 0.94765625 0.0375 0.1046875
2 0.90859375 0.83125 0.059375 0.0953125
3 0.77265625 0.91171875 0.02890625 0.08828125
2 0.92421875 0.7671875 0.06796875 0.0828125
4 0.84375 0.9703125 0.1 0.05859375
2 0.70390625 0.89921875 0.08046875 0.125
2 0.86484375 0.75078125 0.05546875 0.08984375
3 0.95390625 0.8171875 0.03515625 0.0828125
1 0.44765625 0.8609375 0.22421875 0.27734375
1 0.64921875 0.67734375 0.1203125 0.1796875