4 0.39921875 0.9875 0.1078125 0.025
2 0.88515625 0.9078125 0.08125 0.13203125
2 0.70234375 0.9609375 0.1078125 0.078125
2 0.603125 0.98203125 0.178125 0.0359375
2 0.82734375 0.8484375 0.06640625 0.1125
4 0.33984375 0.96875 0.09609375 0.0625
3 0.93671875 0.959375 0.040625 0.08125
2 0.60859375 0.93828125 0.08828125 0.1234375
2 0.90859375 0.83203125 0.06015625 0.09765625
2 0.80078125 0.77421875 0.06171875 0.0953125
3 0.2515625 0.96328125 0.06328125 0.0734375
3 0.77578125 0.91328125 0.03125 0.10625
2 0.92265625 0.76953125 0.06484375 0.07890625
3 0.953125 0.815625 0.03359375 0.07890625
2 0.7046875 0.9046875 0.08671875 0.13203125
4 0.84375 0.97421875 0.1 0.0515625
3 0.8109375 0.9265625 0.03046875 0.11015625
2 0.8640625 0.75390625 0.05703125 0.08828125
3 0.9484375 0.8796875 0.034375 0.10078125