2 0.884375 0.90625 0.08125 0.12890625
2 0.70078125 0.96328125 0.10625 0.0734375
2 0.82734375 0.846875 0.06875 0.115625
4 0.2859375 0.99453125 0.11328125 0.0109375
3 0.93359375 0.98359375 0.04375 0.0328125
2 0.5984375 0.98203125 0.184375 0.0359375
2 0.70625 0.903125 0.08515625 0.1375
2 0.79921875 0.76875 0.05859375 0.0921875
3 0.7765625 0.9265625 0.03671875 0.11796875
2 0.91171875 0.8328125 0.05546875 0.09921875
2 0.91796875 0.771875 0.059375 0.08125
3 0.95703125 0.81640625 0.025 0.084375
2 0.73203125 0.82734375 0.08046875 0.103125
2 0.51484375 0.859375 0.06875 0.1265625
3 0.94296875 0.9078125 0.03203125 0.09921875
3 0.94375 0.84453125 0.03125 0.08984375
1 0.6125 0.7109375 0.12734375 0.18828125
1 0.3640625 0.87265625 0.25625 0.2546875
4 0.84453125 0.97890625 0.10625 0.0421875