2 0.58359375 0.45234375 0.2375 0.35625
4 0.4 0.09453125 0.10859375 0.1890625
2 0.30078125 0.35 0.19453125 0.3140625
2 0.08671875 0.55234375 0.17265625 0.41015625
2 0.703125 0.05625 0.10859375 0.1125
4 0.44453125 0.23984375 0.12734375 0.2625
2 0.78671875 0.43125 0.16875 0.3
2 0.82890625 0.17578125 0.13828125 0.21875
2 0.603125 0.15234375 0.178125 0.3046875
2 0.13515625 0.1296875 0.17421875 0.23359375
4 0.33984375 0.071875 0.09609375 0.14375
2 0.66953125 0.75078125 0.34140625 0.48359375
3 0.9359375 0.01171875 0.040625 0.0234375
3 0.13671875 0.76640625 0.20546875 0.32734375
2 0.6078125 0.01171875 0.0875 0.0234375
4 0.23203125 0.16875 0.146875 0.24609375
3 0.2515625 0.03046875 0.06328125 0.0609375
2 0.49921875 0.1109375 0.10234375 0.18203125
4 0.84375 0.0625 0.1 0.125
3 0.03203125 0.16875 0.06328125 0.20234375