4 0.46484375 0.325 0.14375 0.2828125
2 0.8109375 0.62421875 0.36953125 0.52421875
2 0.2328125 0.403125 0.209375 0.38046875
4 0.146875 0.11953125 0.09375 0.2171875
2 0.67578125 0.83671875 0.346875 0.31640625
2 0.27734375 0.14140625 0.15703125 0.27578125
2 0.30859375 0.0203125 0.09453125 0.040625
2 0.51953125 0.0765625 0.10859375 0.15234375
4 0.40234375 0.19296875 0.109375 0.21328125
3 0.64296875 0.1546875 0.08828125 0.1546875
3 0.6296875 0.309375 0.078125 0.2
3 0.1515625 0.01953125 0.05078125 0.03828125
3 0.53046875 0.225 0.06640625 0.1890625