2 0.55703125 0.49921875 0.259375 0.3765625
4 0.44453125 0.23984375 0.128125 0.25546875
4 0.37421875 0.11640625 0.12109375 0.2296875
2 0.296875 0.39609375 0.21640625 0.33671875
2 0.70078125 0.05546875 0.10859375 0.11015625
2 0.17109375 0.23359375 0.16484375 0.271875
2 0.09140625 0.17265625 0.178125 0.25390625
4 0.3 0.0953125 0.109375 0.190625
6 0.78828125 0.37109375 0.16171875 0.34375
2 0.828125 0.17578125 0.13515625 0.22265625
2 0.60234375 0.15625 0.18515625 0.3125
2 0.07421875 0.634375 0.14765625 0.478125
3 0.934375 0.03828125 0.04375 0.0765625
2 0.66875 0.74609375 0.32265625 0.4890625
2 0.4921875 0.11953125 0.10546875 0.1984375
4 0.8421875 0.059375 0.096875 0.11875
1 0.37890625 0.034375 0.24609375 0.06796875