2 0.61015625 0.46171875 0.115625 0.1578125
2 0.7015625 0.9546875 0.203125 0.08984375
2 0.70078125 0.63046875 0.13515625 0.1765625
4 0.56796875 0.68359375 0.11796875 0.2203125
2 0.85546875 0.56640625 0.09375 0.125
2 0.55 0.61015625 0.12890625 0.1875
2 0.8171875 0.7375 0.12578125 0.24296875
3 0.35078125 0.69140625 0.08515625 0.1765625
1 0.78046875 0.44921875 0.1296875 0.26484375
2 0.76953125 0.515625 0.12421875 0.1375
0 0.49453125 0.5296875 0.05 0.1359375
1 0.16328125 0.79921875 0.3265625 0.4015625