2 0.296875 0.6453125 0.2390625 0.16875
2 0.428125 0.5046875 0.17109375 0.12890625
2 0.53359375 0.384375 0.13671875 0.125
2 0.7171875 0.48046875 0.14140625 0.12421875
2 0.7125 0.38515625 0.11328125 0.10859375
1 0.06015625 0.59140625 0.1203125 0.3515625
6 0.93046875 0.0609375 0.11328125 0.11953125
2 0.99609375 0.09609375 0.00703125 0.05546875
2 0.86640625 0.0671875 0.025 0.04453125
2 0.84453125 0.05078125 0.04609375 0.04296875
2 0.85390625 0.021875 0.04375 0.03671875
2 0.81796875 0.00703125 0.04453125 0.0140625
2 0.78203125 0.01796875 0.0453125 0.03515625
2 0.69296875 0.06640625 0.05546875 0.0484375
2 0.66328125 0.04296875 0.04453125 0.0359375