2 0.83671875 0.9875 0.08828125 0.025
2 0.74765625 0.97265625 0.071875 0.0546875
2 0.76640625 0.89609375 0.06640625 0.0796875
2 0.8765625 0.91640625 0.0609375 0.08203125
2 0.90390625 0.834375 0.04453125 0.0625
2 0.90625 0.7890625 0.03203125 0.0421875
2 0.89140625 0.75234375 0.028125 0.03359375
1 0.98671875 0.72265625 0.0265625 0.06484375
1 0.97109375 0.7078125 0.0296875 0.04609375
2 0.92421875 0.73515625 0.0203125 0.0265625
2 0.925 0.7640625 0.02890625 0.0375
2 0.9390625 0.7203125 0.01875 0.02265625
2 0.94375 0.69453125 0.0140625 0.01796875